258566
278117
300527
328098
349194
363835
380426
395986
406141
414172
418934
417707
415623
415010
410385
402092
395352
388829
380836
374745
370733
364913
357735
350882
343364
336202
330431
321884
308406
295876
288106
279898
268154
258929
253779
243339
226022
214559
213985
213225
208592
206875
207208
204896
203435
203518
200991
198730
196668
186440
172728
169801
169541
156610
142230
142445
144859
136578
129129
130338
127798
118425
113028
110809
106488
109836
126078
144285
154881
163070
175798
190303
204144
219636
233776
241266
246486
255323
263370
267291
271877
275965
274607
273591
279773
284853
281496
275469
269549
256824
238113
222371
207700
186030
162053
144466
127933
109220
98230.1
93426.4
84200.8
77579.2
78617.2
77108.9
78320.2
95254.4
113325
127494
143717
159253
175917
200374
222248
230668
239889
260247
275062
277486
284870
296161
295204
288155
288551
285091
270362
261247
261182
253169
240567
235930
230909
219603
210290
199637
178760
158575
145847
123263
88718.8
64712.4
51488.6
32790.6
17009.3
19283.1
36020.6
62273.2
80628.1
92769.9
113048
134642
149604
163284
175380
183060
193148
207890
214539
212191
214480
220622
220219
216451
215265
212163
207602
206540
203541
193881
184423
178770
172691
165307
156624
145303
136598
132521
124287
112100
105131
100546
96548
99709.7
104695
104120
107593
114511
112977
108929
112717
115349
114434
121227
128576
122187
111747
109503
108549
103976
99756.9
94021.3
87300.5
85602.7
86626.6
84324.6
78697.1
72545.4
67223.7
61641
55691.6
45932.1
38137
37739
36749.2
38568.4
51863.2
64770.6
66906.3
68576.5
73275.4
78057.6
84810.6
91551.2
90009.1
81829.1
78679.7
77424.2
71181.3
67051.3
71250.5
74732.4
72486.5
72354.5
75634.7
77314
81999.1
93409.9
104081
109246
112967
117562
122306
131270
143164
151079
155727
161928
167860
171749
177561
184970
189715
192816
195108
191821
185012
182927
181968
173552
163142
157996
151619
140485
131891
125399
113913
101220
91985.8
78064.1
60340.1
50450.4
46197.6
44866.3
51910.2
63196
78075.6
94777.1
106458
114738
131649
149980
164194
183278
206953
223199
236231
257695
277593
286027
293957
307454
314785
315116
318807
321941
316680
311045
309596
302503
291638
287856
285593
274703
261798
253128
241389
224940
209959
192792
170102
150311
133865
111470
88208.2
72692.5
55562.4
32758.2
27277.6
28732.4
31049.2
45254.7
57761.6
68871
85267.1
96800.5
98138
103231
113592
114716
115077
123042
125535
120059
125104
139151
144941
145179
148943
148537
141065
137924
135363
123561
113495
114177
111274
98403.9
91257
94084.7
90298.6
81519.2
81525.5
81791.5
69967.5
61836.3
68821.3
72600
66628.3
62718.3
64317.1
64891.2
69445.1
76524
70515.4
57263.3
54919.6
58328.7
51950.1
47128.1
54823.5
59052.7
53900.6
58172.5
68269.2
64180.8
55322.6
58585.5
62056.9
56411.8
57478.5
65919.6
65303.5
61841.4
71542.1
78607.1
74217.2
72539.3
81437.3
84661.2
81580.6
82973.7
91428.3
98826.5
103436
115551
131967
141396
150842
174688
196319
202388
210225
233574
251898
256193
270177
298611
316521
319338
328158
344743
354581
360527
371732
380835
383060
387248
393687
393136
388447
386592
381254
368938
359695
354880
343868
328978
320414
311122
291968
272796
258686
237255
211761
199823
190677
161723
127021
111231
98585.9
70442.2
51327.3
45975.9
32583.8
21524.7
32885.7
34903.5
47282
72705.3
84869.3
94553.2
117389
133927
134384
142985
164278
175960
176231
180064
181175
171876
168234
174667
172733
165531
171928
182206
178366
174948
187418
199391
201362
207835
225081
241202
253673
272095
294009
308852
321277
340385
361688
376995
388696
401407
410993
414369
415954
418752
420687
423350
429845
433718
427580
418482
414471
407721
392761
381104
374064
356166
328759
309989
296569
273268
247727
231599
213578
185997
162003
144874
123621
100414
86868.7
79889.5
72290.2
63549.2
62399.6
75317.7
91439.7
97425.3
106668
127416
140290
139819
143978
152752
152482
150187
155832
156541
147486
144457
147343
140732
128708
124943
123075
118853
117925
115861
108755
105922
107318
105257
106960
114007
114733
112094
116308
122217
126751
136885
151257
162264
170815
181046
192191
202012
209449
212271
209919
205348
200141
192648
180397
165562
155293
149839
139839
122533
105838
93328.2
83322.7
75752.3
65698.3
50040.8
46501.5
53681.5
55475.8
72516.8
100827
117285
128483
151876
177046
195272
213201
228220
241087
266329
295508
303565
303870
324464
347003
351461
361461
385738
395672
393107
407141
424373
419724
414449
426214
429118
415789
410503
407550
388517
372140
370469
358693
337167
334813
335922
308278
277431
273066
264799
237387
223090
222955
199673
165072
156026
154437
133337
113325
115907
116008
101319
95283.4
96236
80336.7
62884.5
69959.3
81049.4
71770.4
61667.3
69069.1
68585.3
57642.1
57121.7
74854.8
85745
84671.1
91182.4
99009.3
87379.4
71291.2
70869
62545.5
39315.3
25880.6
31124.8
29496.5
11781.6
11604.5
6268.24
8785.09
26102.9
33354
37239.9
56948.5
71458.3
64444.9
61799.4
81438.3
95715.6
93796.8
97530.3
110705
113424
110362
119080
132789
141219
152774
165524
166790
165424
176409
191266
199942
209668
224183
234821
242364
254690
264890
263693
259862
263665
268280
267597
269310
274923
274136
269614
273707
282148
282395
278712
279814
281140
281828
290008
298907
295589
290433
294935
295790
289143
291148
298561
294841
288927
293471
297656
298373
305921
312369
309159
311113
320197
318744
312553
318347
323144
314659
308057
310545
306541
294897
288458
285147
278425
271438
261796
245259
231449
224128
212659
198925
190206
174741
148786
130248
121584
107827
92968.1
90563.6
86793.5
72382.3
62944.4
60461.2
54476.3
49156.1
48796.2
44437.9
37225.7
39018.9
44293.3
43647.7
42835.3
47886.1
55196.6
60218.1
65043.8
72671.8
79112.7
77401
74387.3
74589.2
73198.8
73046.5
75662.4
74897.4
76993.4
88470.4
96445.9
95649.2
102017
114719
114313
103464
100487
102024
99489.2
100898
102970
92565.2
80012.7
80323.9
79565.2
72891.3
76279.8
78175.1
66278.8
59076
71600.1
82516.5
84238.3
91023.4
102479
104542
102079
107264
111177
105491
103467
110780
113154
108734
113699
125268
129294
128951
136959
147096
150088
153869
164373
174648
182138
192924
207611
220777
231367
242549
253629
261983
269324
278435
287667
295544
302351
303408
296016
291495
296688
297974
290497
292489
304179
303402
294483
296086
295063
280068
275383
286054
285247
275564
278717
280975
273150
275625
282379
273809
268473
277752
276889
270094
280732
288739
279034
279107
290248
287246
284621
299428
307379
305410
315347
323538
316768
319895
335080
332661
323256
330361
337255
334819
339075
342524
329891
317658
315203
303637
287266
284590
280007
260614
248090
246105
231246
207734
194067
184087
171153
163322
155509
136889
114809
98366.7
83438.3
69557
59427.5
49082.6
47894.2
58812
66413
75033.3
89185.4
100548
110273
121529
129730
141173
159634
170851
171847
177177
185556
187032
189382
197331
198959
195988
199373
200682
194390
195639
203743
198808
185694
181534
177304
163928
154505
150657
138379
125751
125897
121976
102177
88747.1
92083.4
88283.4
72276.7
67535
72832.5
66231.5
55164.4
62071.2
76473.7
78455.1
73611.8
77216.8
83885.6
83479.3
80729.9
83065.9
83662.9
79718.5
80873.6
88902
95214.8
96703.8
96858.8
96644
94776.8
91509.3
88367.7
84846.8
79780.7
74316.3
70476
68636.7
66848.5
61839.9
54523.2
47959.9
46802.9
50221.6
50495
48637.8
52510.9
58553.3
59690.5
64755.1
81486.2
98292
104704
110794
126338
141369
146665
151080
161317
169064
172482
179774
186930
183712
176058
175308
177542
175178
168995
159438
147481
143444
149302
149262
138152
128375
122502
111706
98919.3
90211.7
81571.2
71632.4
62084.7
46737.9
29325.7
27610.1
31973.9
30403.8
35521.4
43753.6
50878.3
63627.5
78011.7
87735
99578
117218
135498
151712
164576
173890
186787
205374
218689
224074
231273
237651
233727
226535
224766
221740
214514
208324
200199
192037
191473
187379
165916
143156
137326
134417
122603
113945
112401
110555
109557
108679
105473
107109
111877
111535
114843
127416
134812
134160
140132
152024
157267
156313
157274
161289
165799
167380
165161
164312
163857
154960
141757
136708
132594
121497
114741
116454
108898
92895.1
86953.5
83921.5
73259.4
65795.2
61421.8
52120.1
47800.3
53246.5
57107
66724
82521.1
97184.9
116467
137861
150072
158057
169313
178377
186886
200440
206340
202601
210033
228073
230325
224365
237854
255980
252365
243493
246352
242004
224918
216749
214156
197821
180770
177132
166597
139268
119595
114159
107959
100460
95579.4
88197.7
82094
81372.7
75009.4
69740.7
79050.4
83839.4
77612.1
83791.2
95898.9
95353.9
97675.5
117042
132985
140503
154463
171982
180451
183494
187783
189734
189389
191269
190606
184063
178099
174598
167252
156219
146030
136344
127281
118699
104680
85120.1
73650.4
73750.3
69565.8
56257.7
46562.2
43230.6
37681.9
32313.7
31754.7
36751.5
50180
66081.5
80913.8
93406.1
100924
105633
113554
121450
125458
129986
136041
139310
143045
150400
157137
162469
168837
172129
174153
183102
190316
187169
186467
191845
189069
184725
192342
193569
179959
177414
187203
181567
170225
178628
185059
173924
169077
173402
166935
159980
169087
177217
177161
182990
186969
176434
166290
164491
158383
151216
153151
150370
138920
134954
135676
129973
127435
131480
124060
106779
96703.5
88192.4
70474.2
57704.2
53531
40875.5
24357.6
24801.5
33276.4
50261.8
61685.5
61379.6
69684.8
85781.9
90850.7
92633.8
107469
120904
124644
128740
136483
144598
155078
163354
164532
169243
181096
184941
179574
180666
185527
183121
181080
184446
181355
171678
168157
169146
165411
159530
154193
147107
143215
143624
138437
130656
132952
136326
126357
113288
109660
108871
104401
100581
99549.2
98722.5
97963
94094.3
89037
88405.6
87245.9
81104
79566.4
82715.5
77197.8
68838.5
70647.5
68451.5
58256.8
56179.8
61066.1
63157.6
67136.6
78682.4
82218.2
78849.2
84447
93139.9
93827.7
96887
113172
125169
124074
129385
144308
152395
161186
181005
197889
207997
222739
237805
245605
255707
272106
284500
292820
305629
318349
323948
328880
337525
343785
348351
357944
368264
371936
373972
380493
386541
388028
389579
393440
395855
396070
396620
397091
396160
394989
393992
391720
388347
385511
383230
379995
375320
370413
366222
362059
357333
352789
348459
343405
338066
332957
326605
318294
309828
302288
294617
286672
279759
273970
268911
265106
261480
256945
253548
251650
248561
245214
243378
240195
234986
231579
229236
224513
220213
218999
216464
211089
207630
205433
200181
194567
191501
187544
182834
180510
176497
168277
162009
158112
150189
140791
134740
127110
116200
109171
105002
96468.2
86720.9
81413.6
74771.2
64255.5
57068.6
53686.8
46759.3
38353.2
35124.6
33241.1
29164.7
27369.5
31796.8
38171.7
42215.9
46959
55435.9
61870
65062.1
72872.1
84924.2
92671
98042.3
107760
117896
125069
134443
145397
151737
157624
168864
178920
184740
194476
207672
216223
223385
234778
244703
250885
259657
270034
276965
283722
292708
299272
303572
309900
316175
319771
323516
327863
329665
328713
326998
325775
325475
324149
320356
316698
313332
306945
301198
300582
297304
286169
276967
272425
262090
248003
240613
233607
218912
206261
200329
190279
176122
168947
164814
155123
147283
145760
139888
129105
125714
126609
121139
114562
113783
112979
111186
113472
115193
113030
111960
111491
107623
105203
105914
101321
92204.3
87212.7
83107.6
72328.1
63156.5
60706.6
54147.3
45666.4
48185.2
50653.9
48763.7
56736.1
68353
75478.2
86864.5
101557
110783
119824
134458
146167
154647
168211
182687
192583
204242
219863
232291
242650
257359
272953
283917
293780
304718
312661
317862
324374
330626
333265
333371
331991
328697
325015
321014
314725
308403
304471
299479
292533
287428
281804
271612
262158
257423
250494
238159
226499
214829
198023
181629
170454
157404
140944
127837
114012
95302
82641.8
75836.9
62283.3
55464
61915.8
59894.2
58816.1
74029.5
83645.2
83446.9
92239.7
103775
107971
116067
128501
131599
131650
142179
149518
143973
143048
152078
150837
141226
142855
146105
135447
127042
131416
126028
107748
100129
97153.7
79177.9
58081.5
50755.2
42717.8
26205.4
12981.3
17754.4
33412.4
43566
46470.8
58760.1
79627.9
89688.6
93270.9
108165
124251
129659
138337
157267
169254
172315
182852
195724
197871
199328
209459
215237
213448
216511
220900
215842
210065
213109
213194
204561
198936
196441
186252
173426
166367
156937
143197
136143
132974
123052
115030
115449
112065
105495
107883
111779
108243
107081
111171
112636
116080
125945
131512
130485
132727
136898
137815
141926
151168
157308
160298
165996
172131
175456
178749
182730
185938
190490
196845
200783
201946
204109
204054
199119
196257
196468
190888
182882
183064
184192
176341
170203
173292
172224
164206
163740
168574
164550
158824
161734
159999
148425
143431
143759
134042
121567
120093
117761
106530
100471
100551
90416.7
76189.9
73678
69102.9
53510.4
47298.9
52648
46299.6
37790.3
46078.8
47893
46116.8
61397.2
73567.6
75327.7
89009.2
106841
110980
117367
137442
150438
153945
169794
191389
201192
211298
232602
248193
254506
269335
289117
299340
308894
327597
343328
352155
366137
382623
392310
402944
418418
426168
427026
435737
449027
455162
459896
469864
476342
475977
477384
482007
484754
486173
487157
485884
484321
481912
472458
458580
448398
437928
422357
409677
400868
385376
365902
352128
337242
314931
296053
282539
261417
235326
218813
206314
185953
166529
155689
141228
120514
109857
109946
104015
94005.8
96296.1
104875
104552
103269
116206
131440
133799
136137
151294
161496
157309
158100
171226
177538
174498
181425
196739
200765
198756
209928
223518
223867
224873
239709
250352
250129
260284
280736
289004
291311
308267
326480
330408
338868
361790
376478
379915
394809
415668
421743
425766
444299
458088
456681
462123
476754
477756
470958
475986
479074
466253
456541
456896
446127
426758
420151
416475
398225
380126
372354
357099
332809
318920
311351
294923
277401
266769
251011
228730
212734
199984
181575
165634
157377
146215
130591
120313
113673
104275
96515.5
93036.8
87235.3
81027.2
82375.6
85496.4
82325.3
79570.6
82879.2
84323.1
84648.2
90844.8
97575.2
99632.4
107002
120273
127296
133826
149501
163862
173049
189746
211818
227350
241556
261101
278506
292328
310193
330005
345633
358708
368943
374399
380168
388587
393892
396224
400142
402667
401340
400493
399489
393575
385025
377459
368707
358317
346972
331995
315252
300719
282822
258001
235044
214379
185288
152119
126593
101483
69982.8
43260.3
22205.2
13481
44335.9
68182.6
90899.5
123699
151911
170525
196084
224579
239575
252594
276658
296758
308442
328421
351565
361867
369803
384787
391808
389776
394178
397610
388599
382143
384764
378162
361127
348524
334260
308679
283517
263330
235782
202832
176145
149960
116650
85671.5
66504.8
59810.6
67855.2
91981.8
125700
158561
189560
226303
265822
299985
333899
369936
398409
422837
455512
487574
508060
529151
555322
572713
584206
601370
615327
621575
633484
646698
646541
644483
651461
652556
646145
646956
645624
631905
624021
625461
616214
602948
600660
593649
578085
575497
579151
571858
570231
580290
579407
572958
581014
588929
586123
589651
597601
596577
599317
611142
614220
612524
620713
625277
620190
622840
627796
617624
606256
605999
599350
584137
576969
568986
547161
526146
511655
488368
461082
441848
418496
387396
363691
341131
307231
279567
267589
251231
230493
222958
221776
221624
233199
248795
259645
275979
297032
313368
331853
356532
376356
390452
408781
428546
441879
452505
464658
474581
481065
486725
490397
489855
486236
480652
472746
462877
452018
440471
427891
412747
394006
374305
357069
340650
321331
299579
277396
255216
234818
216994
197896
176768
159330
146077
131344
116992
108808
102083
90197.1
78410.6
73301.4
72400.1
73890.7
78142.2
82837.7
87137.2
91152.2
95063.6
98770.2
100500
99771
100585
103728
104273
102901
104978
108486
109948
114205
123149
129809
134038
142589
152359
157298
164153
178483
192357
203485
220253
239313
250784
263191
286555
308560
322092
340630
364302
380030
395285
420509
444225
463160
489903
519071
540301
565392
598228
623609
645328
678036
711073
735405
764228
795742
816408
838631
871559
895412
910669
940176
972136
986331
1.0028e+06
1.03229e+06
1.0504e+06
1.0597e+06
1.08275e+06
1.10319e+06
1.10457e+06
1.11064e+06
1.12624e+06
1.12718e+06
1.12184e+06
1.12859e+06
1.12856e+06
1.11529e+06
1.11209e+06
1.11061e+06
1.08995e+06
1.07183e+06
1.07011e+06
1.05816e+06
1.03613e+06
1.02891e+06
1.02284e+06
1.00229e+06
989190
985441
969331
954814
956963
950691
931555
925943
926882
916452
910709
915196
911458
905674
911072
913108
907128
908743
914391
914368
917946
925453
925684
924903
928243
923598
913482
911813
910623
899565
888498
880562
867477
852931
841075
826229
810619
797165
777331
753028
735144
717589
692976
668724
643985
613426
588222
570325
543229
511698
491556
469598
437412
414299
397324
368988
345501
337453
322418
303824
300162
293744
278669
277962
279745
267410
263922
271035
265083
260855
272715
275402
267934
272997
276797
267009
266571
274699
267846
258437
261074
255502
241468
239433
237777
224485
219129
221430
211597
201553
204969
203671
193760
191488
191546
185649
184586
186187
180953
180508
189198
191660
191344
200329
207849
206666
209304
217098
219294
220787
229129
235271
234813
238249
247955
255921
263697
277003
291951
306224
325158
347222
365751
384397
409548
437151
462355
488003
515428
541766
567612
594173
618366
640534
666751
697176
725050
749401
775261
803093
829716
854361
876404
895268
913312
930627
943368
952724
963672
973624
977200
978612
983754
987048
981488
972163
964866
954043
936591
919806
904164
881650
854736
830383
803941
772815
744479
716658
681263
646546
620779
592230
555825
525304
501953
474459
447480
427574
405051
379723
363755
350676
329330
309132
295352
278729
262728
254104
243141
229420
224494
221248
210110
202694
201971
192836
177456
167776
157001
139865
126730
117471
102163
85852.1
77269.1
69862.3
59562
54112.4
58208.6
63736
66757.9
76757
93997.8
106076
112525
122861
133388
139889
150533
165157
173333
179511
189759
193482
190826
195548
201502
197335
195711
203168
203030
197819
205713
216361
216166
219023
229120
235048
243062
259098
271347
281915
303238
325358
339092
357806
383708
401855
415973
438558
461055
475444
492602
515907
533941
546345
560682
572351
577836
585335
594281
594157
588395
587133
584900
575543
567691
563351
551563
533662
519840
505572
485282
467240
450943
425676
397412
375028
348479
318344
299507
283069
260306
252419
258496
257134
264661
292356
317960
343513
380832
415081
445190
485558
522900
546760
578566
618963
642220
657166
685633
710025
718760
735177
758098
764425
765920
777657
778221
763935
758653
753289
730245
711348
703552
676250
635309
611750
588013
545960
515444
500747
475062
457605
467367
474650
482557
516774
554233
583402
629101
681433
719427
764522
823573
867849
902948
954961
1.00705e+06
1.04155e+06
1.08071e+06
1.12962e+06
1.16435e+06
1.19063e+06
1.22755e+06
1.26e+06
1.27615e+06
1.29528e+06
1.31984e+06
1.33005e+06
1.33253e+06
1.34317e+06
1.3468e+06
1.33323e+06
1.32245e+06
1.31734e+06
1.29632e+06
1.26332e+06
1.2382e+06
1.21273e+06
1.17256e+06
1.12868e+06
1.08927e+06
1.04367e+06
991128
941908
892265
835578
779622
727509
670459
610259
555959
502456
443547
388078
339871
290427
240537
196696
153424
111544
88786.7
82553.9
87350.3
110010
134091
154540
181735
208501
226136
243437
261302
270464
277144
289033
295981
295720
300592
307558
308659
312973
321165
322233
325543
341113
354778
366644
391079
416479
433149
458257
490943
511080
528187
558222
583292
595081
615656
642964
654641
662255
683065
697276
696107
702776
715736
713231
705814
709641
708341
694626
687133
683034
664670
644430
636181
620468
589212
562856
539396
499652
456008
425569
390071
339695
295714
258684
208725
155076
116606
86222.4
72165.1
90277
130174
187225
239457
280179
330442
386670
426774
462563
512532
558088
590345
631976
680074
710471
735216
773242
802816
813499
832754
861690
872136
873874
890878
902892
893883
890404
898457
889220
867282
859111
850992
824456
800596
789050
764053
724976
697863
676052
638083
596828
569086
538302
495964
461675
439712
411392
377508
357818
352260
343579
335307
347159
371977
388851
406010
439457
474613
498962
528119
566800
596389
616888
645024
676218
696914
713845
735502
752480
759376
765008
771744
772349
766975
761206
754065
742193
727255
712473
697613
679509
657673
636612
617261
594182
567730
544858
524355
500781
478721
463600
449307
431948
419206
414606
411165
408628
415613
429091
436416
439758
450681
463692
469139
476194
492666
505603
509382
516410
526087
526629
526771
537742
544424
538171
537006
543188
537403
525393
524929
523009
505910
490875
485493
471210
447661
432525
419766
394708
367327
347045
321822
290525
266972
245730
213273
178479
152503
124653
89176.9
57700.5
34199
16998
31218.3
56321.1
84480
115455
142474
164546
186669
209893
231658
251697
271249
290018
306802
322925
341248
359743
374164
386701
400852
412408
419268
427740
438250
443660
444942
446962
445026
437308
432382
429760
421191
411631
408372
403899
394430
388801
386083
377935
368387
362542
354791
344869
337883
330784
321817
315787
311369
306147
305615
309797
313103
319286
331360
341940
349195
359039
371826
385311
398413
407511
413404
421265
427697
428744
430206
430279
421443
412924
412896
408355
396849
392449
388036
372108
359634
354010
336913
318343
314152
301576
275479
265409
260926
238717
226929
234054
230554
233248
256856
268528
277079
310357
336992
348954
383459
425719
443462
466541
508924
531948
542175
575213
606177
612265
627408
656490
665316
667430
687281
696430
688304
696818
707201
689283
673991
678461
665033
639199
637074
631729
598260
574984
566241
531781
490243
474331
450455
406176
379807
359245
316986
288660
281700
258856
249636
272957
284403
302047
349478
387097
418781
473626
522291
552411
601076
658970
692680
727707
783574
826028
853502
898031
943906
969241
998697
1.03716e+06
1.05712e+06
1.07004e+06
1.0977e+06
1.11682e+06
1.1177e+06
1.12682e+06
1.13861e+06
1.12945e+06
1.11774e+06
1.11765e+06
1.10243e+06
1.07072e+06
1.05038e+06
1.03064e+06
990842
952477
925348
882786
827922
785303
740037
676791
618662
568898
503846
435434
384096
329293
263428
212209
169335
120736
109222
133312
169073
227495
284195
328658
381572
438937
484624
530332
582818
626254
660886
699452
733816
756143
777163
797495
807770
815100
824603
823417
812070
804668
793876
767635
738359
714141
682499
643753
608440
568965
520516
477308
438288
388085
333726
287555
238985
192057
168464
157943
160154
192862
232384
271245
323986
377394
419400
464630
515172
555694
591052
632630
668572
691757
716945
745993
764292
774187
786176
793334
791185
789674
786876
772597
755033
741737
719297
684877
655488
630307
594195
552930
516643
474500
422797
375347
329957
274684
219203
173649
124995
74509.6
54664.8
67627.2
105158
154034
193965
233161
282070
326144
359339
394327
430250
458711
488114
523196
551862
574033
601129
627934
645917
664649
688460
705936
718277
736623
754795
764305
774068
786922
791986
791964
797480
802765
802832
807407
813481
806674
794661
791067
784785
769220
760056
756802
742967
725995
717931
703257
676180
657937
648391
627850
604157
590699
571679
543411
526324
514780
493173
477496
474683
466045
459187
468448
474235
474552
493044
516002
523595
538432
568197
587464
601940
632740
661510
676285
700753
733557
751691
768668
800334
824422
837110
864165
896419
910627
925874
956437
976259
982690
1.00243e+06
1.02567e+06
1.03158e+06
1.04137e+06
1.06635e+06
1.07831e+06
1.07759e+06
1.0929e+06
1.11236e+06
1.11267e+06
1.11368e+06
1.12716e+06
1.12774e+06
1.11693e+06
1.12097e+06
1.12701e+06
1.11484e+06
1.10564e+06
1.1087e+06
1.09831e+06
1.07807e+06
1.07289e+06
1.06826e+06
1.0477e+06
1.03379e+06
1.03061e+06
1.01136e+06
983758
971344
956727
927205
906611
895708
871743
847144
837331
820195
793571
783857
782316
768038
758411
762215
757368
746835
748702
749996
741348
740469
745753
738905
729396
729851
724968
709613
700000
694398
681649
670459
665835
656186
641690
631491
620670
604386
588367
571710
550546
529660
508191
480202
452149
428354
399034
365027
335294
302148
262567
233100
211610
181821
158598
153684
146801
145136
161594
175283
187321
212838
234744
246014
267694
296416
312124
326537
353352
374273
384577
403542
425550
434411
444943
468451
485555
493016
508771
526118
531100
538186
554710
562463
562306
571818
582647
582135
583995
594030
597915
598541
608096
617276
619457
626863
637746
639104
639360
649630
659495
664651
676075
692133
704176
716911
734777
751768
765726
780245
795730
811222
825645
837074
847596
859686
868975
872900
877094
882763
883865
880678
877006
869184
855282
840608
824926
804464
783132
762065
734724
703837
677587
651267
619303
587609
555460
515621
475307
442213
406661
366031
331737
298711
253739
207823
174731
142645
102551
65779.7
33331.8
8157
44165.1
71229.9
99321.4
133018
159237
180581
211773
244150
264548
284926
313269
335646
350814
373762
401009
418786
434898
461025
486603
503668
524554
553750
578685
599515
628289
660021
684071
707548
736076
759611
778617
805177
832814
848221
859757
876810
888797
892036
897997
904301
900280
892596
887982
876336
856320
840099
826442
807739
789546
773047
750209
729062
720718
712495
696388
688033
690766
691576
694284
707921
725078
742206
764914
789428
812758
841992
874188
897924
917569
943217
969206
989100
1.0088e+06
1.02881e+06
1.04014e+06
1.04307e+06
1.04541e+06
1.04549e+06
1.03771e+06
1.02479e+06
1.0084e+06
983609
952247
921098
886348
841919
793719
745910
691229
628780
567673
508641
447714
392160
349767
320874
311922
325352
353640
398628
458162
519325
582150
652928
722658
783110
841784
902526
958723
1.0096e+06
1.05902e+06
1.10545e+06
1.1476e+06
1.18631e+06
1.21896e+06
1.2449e+06
1.26741e+06
1.28394e+06
1.28991e+06
1.28998e+06
1.28846e+06
1.2795e+06
1.26132e+06
1.24027e+06
1.21405e+06
1.17693e+06
1.13636e+06
1.09753e+06
1.04994e+06
991173
932691
873731
806574
738497
674381
604834
532312
467457
401420
329136
270426
228868
194587
194474
228534
267574
319104
380295
431374
481076
542030
596704
638757
686708
736843
771485
801069
836872
862246
873782
891189
911628
918367
920196
926982
924027
908462
897510
887563
863557
835310
813497
784181
742319
703946
670798
630982
588756
552462
514347
471511
434294
404053
374218
346385
321991
297788
277218
264652
257042
253282
254440
258402
265280
276007
286925
296422
307632
320026
329407
335875
342248
347409
349100
348994
348357
344133
334489
321864
308516
294260
278471
260755
240641
217883
192462
164937
136655
108292
79070
48236.2
16057.7
18364.7
53597.1
89574.2
125388
161794
199233
236039
271017
305967
342324
377865
410590
442204
474142
504706
532293
557170
579553
599332
616759
631880
644708
655717
664718
670397
672117
670743
666980
660556
651208
638609
622032
602247
581433
559217
533305
504751
476281
447226
416641
386740
359028
333136
309882
291419
280622
279434
286091
298498
317488
342845
371682
401816
432868
464742
496777
527689
556320
582980
608682
632591
652682
669101
683531
695246
702090
704635
704263
699633
690026
677228
661220
640331
614880
585680
552608
516314
477298
434762
388608
340199
290665
240225
190454
146369
116343
115030
148208
199092
257062
321442
388564
454037
520252
589364
658703
729841
805737
878228
937510
986999
1.03158e+06
1.06934e+06
1.10596e+06
1.15136e+06
1.19672e+06
1.22371e+06
1.23903e+06
1.26545e+06
1.29918e+06
1.32126e+06
1.33868e+06
1.36205e+06
1.37524e+06
1.37338e+06
1.3762e+06
1.38295e+06
1.37776e+06
1.36466e+06
1.34734e+06
1.32148e+06
1.30246e+06
1.29988e+06
1.28959e+06
1.26197e+06
1.23946e+06
1.22274e+06
1.18603e+06
1.12963e+06
1.07711e+06
1.03038e+06
976756
922610
876279
823308
756691
695127
645142
592524
536808
487427
439662
390272
348373
315175
284467
261962
256920
264600
271692
280166
309135
358354
399052
423229
454737
497184
529424
549676
574320
601822
618939
626905
634299
639784
640164
637929
635319
633396
630153
619010
601619
587654
568197
531218
492869
469237
444082
403509
360384
322825
285755
251677
225823
211872
212790
216085
218021
237483
270180
297115
325972
367691
410703
450083
493480
535757
572576
613504
655635
685305
711635
749450
787083
814311
842335
871903
887243
891299
899006
907756
909871
908891
906351
901071
898349
896673
886508
871107
858964
842979
816018
784951
750821
707678
660621
617644
575589
532819
495870
467377
445788
428510
410357
396785
401204
415400
423513
436034
465386
498982
527704
560342
599496
638629
676326
712234
743451
772135
801438
827003
843818
854458
864516
874668
880438
881643
886200
895127
896176
884859
872063
860910
843365
823258
808994
793950
774486
759605
745370
718331
684969
656910
626979
592140
563587
537397
498761
454268
414825
368875
312148
259712
211251
153371
93489.4
43306
29903.7
69315.4
104258
138710
182090
220562
248859
286128
332048
362441
383908
424382
476164
515432
549913
592482
632974
665499
697696
727357
749827
771970
792531
802280
809304
826099
839869
836250
830421
837096
842556
832741
814159
793909
772063
751574
730000
697799
657499
621019
586713
544829
496853
447245
389412
323325
264018
216438
170139
120280
72263.3
28364.1
17190.1
59272.3
104370
155640
207101
253532
297823
339451
376008
412469
450494
482728
510617
542390
571979
592034
612000
634759
647543
652988
666335
679804
676899
667824
666437
661921
646489
631664
618659
598433
578167
565260
546522
517268
493695
476447
448434
411418
378179
343809
302290
264832
235668
203860
168658
140846
124047
117416
120509
129242
140949
154842
169244
183044
195734
208824
220613
229306
237032
250606
270429
287963
300445
311757
318324
315708
311008
309087
303531
294061
288316
283206
270994
256620
245903
235166
221670
207723
191426
171742
155711
144587
131586
116332
99448.9
76755.5
53555.4
40693.7
30349.3
18690.8
12037.6
10145.2
15217.6
21888.1
32778.3
51190.7
74742.4
85521.9
92262.2
113585
134781
138543
139116
149772
161798
171500
183081
191120
195778
208259
221493
220476
214884
218249
220439
214357
213037
218327
219584
216735
214002
208834
202342
198032
191576
182840
179217
175765
164649
157723
162986
165289
160505
166375
181139
185961
182781
189287
204120
214836
218663
225503
244111
271410
298747
322137
340717
357204
381651
415163
440566
452116
468932
499488
528616
550263
573951
600873
627313
655650
680849
694637
707157
728841
746067
749901
754504
763356
763305
757760
758237
757258
748873
743992
741620
726785
703336
685850
667597
637058
600622
565531
528322
487281
443140
396687
355405
320683
282061
246320
227542
216232
216944
248528
290308
329666
383152
447069
507143
568816
633976
692663
752107
819672
876842
919059
969156
1.02489e+06
1.06154e+06
1.08939e+06
1.1329e+06
1.17596e+06
1.19554e+06
1.2071e+06
1.22798e+06
1.24626e+06
1.25302e+06
1.25428e+06
1.24932e+06
1.23744e+06
1.22581e+06
1.21e+06
1.18061e+06
1.14725e+06
1.11804e+06
1.08096e+06
1.03514e+06
995657
955935
900715
844431
802227
757655
701105
649575
605344
551578
490950
439388
397291
362150
342312
339985
353035
381691
417350
451115
485474
522548
559163
595661
633670
670402
703917
734741
760991
780596
796143
811535
825808
834064
834322
829460
821826
811491
798181
778881
749578
714020
682530
659274
640082
620056
595770
566160
535412
507859
480608
450295
421551
401313
394409
402263
415087
422354
431148
450489
472091
489474
509791
533840
552793
565855
579139
594871
612130
625133
626287
622569
629048
637766
627889
607151
598201
594318
578221
558974
545135
524970
500447
486835
475487
454809
437771
427369
410178
397508
402643
404915
397004
401336
414159
419428
432058
457683
474086
483334
503436
522679
529525
537101
543705
537659
534411
544574
551255
554928
568681
576544
570018
572908
583400
579000
576545
592709
597035
581208
580631
594493
597506
603898
623429
633773
643883
676843
705831
710918
724774
756840
776261
787152
813634
839230
846364
853617
868035
873693
875747
886188
891258
883334
879696
884330
882219
872150
863119
852602
834237
808327
778083
748815
721860
689799
652416
621830
598626
569998
534287
499013
465087
431031
398187
364173
327831
293719
262156
232851
210137
189456
163356
142095
129638
117301
119318
134878
140012
145128
165909
182931
194832
216062
229199
228702
241494
265358
275330
287716
318402
338080
342957
366055
403743
431749
457279
486832
505764
522223
552420
580305
598723
631357
674676
699093
712566
737257
757871
764121
780545
812094
833875
844525
858906
868955
867988
869808
874409
868319
859134
857744
851020
833470
822964
823165
817253
801272
782949
762610
741145
722176
698064
662131
624305
590194
551251
511243
483459
457893
416932
369878
331700
293424
246354
201096
168524
155359
164284
180552
198852
230085
271637
311204
349687
393681
440703
483247
518331
547864
575765
604275
630197
649859
666465
683784
696977
700178
697737
697017
696402
691294
684299
677834
666816
648741
627230
602965
575554
550372
530533
512776
497080
487862
486517
491218
499112
510581
530502
557227
583301
613045
654403
698560
734573
768083
804215
838570
872661
909637
941776
965969
991028
1.01535e+06
1.02948e+06
1.04046e+06
1.05755e+06
1.06935e+06
1.0685e+06
1.06731e+06
1.06771e+06
1.0576e+06
1.0395e+06
1.02179e+06
998896
968976
939770
907306
865294
823932
787387
743299
692916
648611
606792
564591
533639
511763
490331
481733
488928
496122
509362
539686
571436
594695
620156
648533
673375
699668
729704
757841
784140
808126
823713
834672
850389
865598
869890
868336
870303
872082
866678
855501
842177
825776
803395
776297
751813
732860
709602
675240
638473
604860
567312
527016
494479
465739
429643
393033
367552
345115
313922
279601
247991
216541
191450
183052
181858
172746
163849
165666
166572
159412
156373
159088
153096
138985
128550
115483
91884.3
70845.9
62845.9
50631.1
36965.7
52449.9
67284.1
79217.4
106916
138416
161102
181469
203504
225017
245560
263943
279763
298127
318220
332431
344773
363732
380445
386336
396904
422147
441147
441515
441922
451040
451804
443068
442806
447487
438033
418849
404743
396248
394283
401010
401899
392384
393917
407926
413436
418154
437481
452571
456354
472256
495960
505199
512465
532504
549963
566159
599795
632492
639029
640529
655121
662017
659538
669573
680584
670874
656737
650796
635928
616042
609801
601331
576244
556031
545528
519931
485160
466687
450231
415067
381595
366387
346369
311629
283076
263400
239006
222017
227928
244477
262244
292281
338717
384219
418894
455278
498446
536016
570037
614118
659384
692528
726308
770226
805700
825382
847915
874387
886645
890304
902125
912232
907301
899237
896733
887343
868292
852074
838684
819617
796230
766696
722837
674960
639899
604885
551014
491875
444547
395202
333600
273914
221189
165807
112234
67903.1
43189.4
85145.7
135125
174643
225742
285066
335379
384330
439507
485648
521135
560505
597126
621179
648129
681922
700106
704157
717522
731940
726718
716317
717683
717644
709022
701046
687889
664029
645957
636227
615247
586314
567690
551148
525290
504813
492027
467236
435407
412668
387127
353742
334030
326629
314248
306537
311487
313849
315783
328483
340118
340039
339189
344041
346875
344240
340279
338439
337628
332418
320553
305619
286712
260047
231877
211835
194482
172346
148328
126803
108952
93992.1
78623.6
70947.6
87103.9
115175
146662
177803
200649
222361
257250
294321
317218
337020
364761
386657
397076
409802
425378
433372
439503
448218
448097
440307
437534
431751
412124
391345
375117
348600
317223
299831
284109
254180
225719
205028
178026
155920
154492
149294
144102
166873
196760
217017
243178
273035
295057
319226
353706
386845
409692
425469
438371
451631
468220
485863
498708
503809
503973
505229
507770
503383
490846
479871
469996
448782
418602
394003
372828
344850
315662
290693
261515
227243
194703
158597
114310
72411.4
33765.4
20229.5
67623.8
105186
137156
176255
213916
248403
289562
328782
353457
379652
421383
459107
479478
499033
524518
542645
556585
577859
595229
598637
602692
613944
618265
614162
613839
614314
607125
596947
587014
572660
557463
546081
529510
504394
483874
469813
448063
418778
393761
370670
344360
321760
301671
272229
237214
209359
185464
158409
132635
108440
79923.9
52268.4
30392.9
7059.31
29683.4
60916.8
85625.9
115189
153230
189242
217135
242549
272530
307672
341743
368729
392236
419684
446964
466389
483197
505968
530390
549205
565492
585890
610432
632685
647200
657288
669724
681632
685765
685348
685223
679640
667361
658834
654294
641518
620348
600806
581990
559086
535724
512236
483431
451930
421568
387207
348367
311278
270467
219663
170199
134021
108388
104784
125332
158535
205788
254830
292680
330693
376003
416238
450901
491854
532131
561437
589222
622120
652791
682957
719554
753298
774311
790781
810920
829698
842099
850336
859817
873494
884390
884635
883622
890764
891886
878181
865714
857388
836654
811075
798871
785004
754523
728408
715552
693448
661365
640190
625480
602894
576876
549398
516761
487709
462950
431264
402101
386540
364728
335563
327211
327595
312745
309628
329642
340667
345950
365411
380616
387451
407303
429669
441102
462093
493191
510815
522819
545139
559379
559899
569128
582118
577154
570420
579276
582188
571933
568422
567013
552397
539557
537796
525552
500476
485711
477901
458276
434273
415478
388585
352703
325332
303298
270172
235366
216144
203749
188215
180029
189653
206501
220757
236783
255601
272545
294840
326425
354446
374773
400584
430117
448574
463138
488063
511748
521824
530108
542445
546371
543686
549862
561551
564036
558787
554709
550633
540821
523934
503887
486043
468770
446731
424376
406609
386107
362155
345269
329465
300933
268873
246143
221339
191885
172350
154453
130366
124024
136539
149265
166544
185796
204024
235155
271335
292030
310036
342439
371759
391438
423097
463021
487785
505002
533559
563052
583701
606739
633421
655667
679525
706774
725853
738542
754929
768174
772129
776118
782490
783680
782823
784247
779265
765816
754827
745849
731771
720077
716001
705494
681342
656079
635735
613478
587989
561367
529435
494032
464522
438596
407161
374327
348549
323468
291559
260056
235769
212042
185504
165454
153089
138221
119148
108150
107092
107001
110810
121644
128126
127416
129264
136465
142254
147440
155400
166416
177430
185286
188284
188855
191672
194808
193276
191640
198662
207706
205537
196456
198463
213030
222272
223297
230281
240053
239210
235420
240484
244194
238132
232980
234183
234026
233640
239662
244111
237783
229298
228171
227492
220265
212654
210371
209322
205992
203374
202710
199630
197218
205656
220558
226759
227881
242466
267334
282769
290292
308227
333813
350039
358566
370196
382212
392976
410321
429963
439143
442631
451597
458300
457721
465903
486048
497684
499360
511818
533178
544710
552823
570930
584870
582937
581381
590018
595436
595836
603093
612419
611738
607897
608555
605359
597921
598064
600881
593231
584878
587526
584447
564833
548859
546873
539156
518378
499964
486616
468008
447507
433757
420063
398912
377047
359039
338732
314847
293921
276654
260708
248242
238880
227652
215849
209528
208519
209067
210642
210841
206088
203092
208835
215735
218074
223162
231447
233908
231910
230507
225098
219654
225229
232749
226151
215368
214661
215290
211388
209986
209769
209176
216135
226729
232093
240612
253554
258669
262156
276440
286793
284222
285255
292430
292493
293502
305650
313187
311120
316436
327681
328220
324247
328340
331013
323553
311773
298276
283011
271276
264452
261767
265493
272061
279283
294314
313327
325459
339727
367947
400303
428522
457295
486138
513261
544571
578377
606723
633318
663664
691377
713483
736831
762070
783143
799058
812315
824701
836836
844741
846336
848786
852562
846745
834689
831109
830049
816900
799418
788157
774808
757005
744280
730818
706505
682647
669764
657277
639379
624495
613755
602657
591852
580342
568097
561860
562248
562681
564579
569315
569298
566831
571977
581490
588755
598691
612001
621595
628405
635410
638823
640758
647147
651804
647562
640675
636486
632057
628062
624701
615397
600026
583672
563392
539739
521898
504413
472983
437363
415599
396429
364457
331141
306535
281581
254591
231847
205961
171511
143067
132107
128629
122836
121734
133939
150211
158269
166762
184606
197852
199148
207080
228233
244074
249664
259161
271381
276279
280131
289157
293017
287718
284104
283720
278271
270182
266181
262891
256374
247409
236823
226222
220383
216577
207644
199963
204038
212308
212422
209346
212962
220070
224598
230382
243189
259335
272098
284796
303285
321737
335322
352280
374661
390089
399812
420816
449186
466852
479076
500254
519776
528116
540758
560884
567912
564784
576391
598174
609260
617833
635932
648661
650264
657668
669686
670987
669809
677715
679732
668683
663783
669319
667483
657917
654573
653865
647741
642797
640367
630631
615940
606350
597195
580385
562613
550182
537212
521405
507425
493393
475403
458750
446469
430646
408832
391129
380963
367923
347364
327573
311885
291899
264384
239441
223308
205995
181069
156370
136820
118579
106273
102301
97306.5
101500
126834
156635
182862
214039
248304
278428
309660
345291
375936
400247
428289
457915
478960
496218
517857
536207
543668
547438
552253
554467
554692
553661
544460
528550
518993
514834
501494
481822
470433
461064
439493
414262
396781
376642
346220
315627
288370
258373
228891
203872
176686
148946
133110
129056
131436
141889
156899
176489
205545
234927
253612
269286
290145
310353
326747
343353
357482
367019
378885
392339
396003
391326
390804
392850
387335
378088
373623
369158
359325
349832
341653
327189
307474
290113
273614
252083
227424
202271
174816
147953
128272
114535
103896
99744.8
100015
103556
117817
136040
147721
157872
174934
196600
218162
236650
250209
259670
266522
268869
266784
263498
260088
254027
247502
242159
234523
225654
220305
212798
196408
178811
169114
161529
146824
127206
110603
100896
97540.6
94836.5
86683.1
79519.8
83259.3
95994.7
112984
130827
145685
159306
174067
185527
191932
198770
205137
204586
201396
204459
209042
207370
205381
205711
198887
184302
173087
166605
158110
149970
147379
146620
145794
149384
161134
178877
196247
211851
229115
246021
258636
273614
297477
322421
341330
361071
386406
411289
433677
458013
480287
495632
510270
527898
541725
550564
560939
570590
573356
575597
585252
594704
594533
590246
589584
590985
590630
586350
579668
574848
570629
563897
556640
549232
540234
534022
531880
529541
528960
531733
530943
522784
513080
508532
506238
498796
489540
487068
488841
488106
485717
484567
484927
485835
484422
479921
476200
474864
472763
468747
465545
463600
459812
453696
448388
444296
439019
433019
428339
423142
414124
403346
396023
392349
387888
381084
374944
371952
370225
366257
362138
362959
366241
365385
361644
360063
359911
357341
351486
346181
345889
347454
343577
335302
329475
326707
322919
316860
309503
300473
289541
278533
269200
261337
252828
241344
227340
214589
206069
200492
194545
186957
178580
170314
163245
158187
153701
147746
141244
136374
132397
127199
121668
118117
115287
111744
109886
111018
112140
111469
111393
112557
112941
112434
112252
112139
112181
112663
112730
113533
117548
122344
122780
119457
117355
117470
116453
113245
110633
110853
113164
115160
116235
119235
126451
136564
147694
158824
169144
180053
193313
207299
220378
234693
251569
269235
286671
303711
319566
335472
353927
373477
390853
407151
423770
436151
440550
441144
443585
448093
452780
457659
463541
470000
473506
469084
457515
446406
440357
435827
428044
415531
399668
384319
371754
359147
346199
338761
335702
328702
319404
314336
306496
288009
269934
263834
260138
245427
226495
216113
210677
202646
195373
191126
186179
179852
173282
162488
149812
142293
138561
128584
111556
101920
106027
108826
98873.5
89315.6
98648.3
120229
130632
129751
138860
159688
172151
170960
171357
182563
199520
214996
225131
234334
251534
276221
299384
316712
331564
345914
363074
389651
423912
455928
480042
495159
503321
512842
528696
540653
540372
539649
546597
549432
545347
549257
559783
561098
558286
564575
566723
550926
535642
536329
537056
528520
525724
530214
525623
513755
509097
508054
498163
481413
464741
450717
439886
427893
409102
388085
369290
344304
313675
296370
294456
284242
259582
241422
237438
234400
227478
221584
216732
211671
208681
205580
196763
183689
173346
167329
160421
150292
139212
128914
119190
112068
105606
97816.2
93883.3
98143.9
105726
114434
123274
130832
136809
145431
157867
165638
166406
167758
169854
165729
157990
155040
156308
157722
158454
160136
163126
160953
147343
128646
118658
115958
109160
102851
103293
95841.3
71180.6
50326
44779.7
34043.4
28943.1
49993.5
61129.1
68755
84593.4
104130
122777
140307
155986
174533
201056
225388
234229
235186
242847
253590
256654
256542
263542
273770
279100
281520
285380
289123
291172
289793
283474
277399
279310
282225
273945
263514
265398
268512
259591
251412
254691
254749
242842
232760
229937
221664
205598
196079
198920
202923
199434
196688
207544
224330
225102
209899
200030
199389
194264
185996
182976
177913
169250
168559
173344
167344
155092
149118
142540
126263
110252
100605
90890.2
82110
77292.5
67455.7
52498.5
46771.8
55426.4
71321
83694
89312.9
96464
105990
112600
120510
137987
157952
170511
184833
207291
223407
227359
234820
250931
260600
259969
262420
270587
274607
273733
273988
274694
273352
272455
271638
265782
256085
247342
237355
224364
215660
213481
209133
203416
208601
220788
229899
239812
253313
264772
280070
306314
332430
348956
365925
388604
407312
420455
436716
455951
473002
489538
506188
518882
528615
539736
551799
563327
574438
582207
584958
587174
590497
592740
596344
602489
604498
601861
602607
604630
598373
586478
575421
562045
546159
533872
520799
501525
486296
480334
469474
448966
432273
420045
400745
379937
368164
355558
334024
313764
298998
280606
259036
241753
224933
204782
188179
176523
163855
152531
145602
134855
118489
106591
99664.9
94829.3
95798.2
103127
113132
125023
136110
141299
138725
132472
129969
134771
143362
151557
160650
171244
180391
189086
202411
219796
233035
239649
247032
261447
280286
296793
309108
321809
340365
364069
385317
400109
415807
439624
465310
483693
497332
513193
528615
538893
549802
567660
584248
587648
581032
575977
576408
578794
578506
570736
555363
539981
529202
516928
499272
483586
473409
459399
437016
414598
395594
375064
354851
339635
322682
296584
267719
243895
224308
212064
210024
207599
203999
214285
234896
249892
262686
284111
311408
335807
352568
362230
372479
390950
413903
434147
453507
474958
494052
507807
521340
539561
559473
574234
580759
583701
589191
593257
586634
571469
558138
546724
531151
513971
499139
481253
456712
430718
408062
390655
379364
367074
342980
310337
284103
267550
253830
241297
231350
221125
208988
199713
195790
191082
180277
169697
167318
170524
174708
180671
185649
183254
177235
177354
182189
186621
191141
191442
182139
173104
172887
169107
156873
151621
155191
154051
151833
156910
157625
148270
142411
147571
151115
145863
139180
136233
135210
133830
131919
128864
124973
122346
123160
129275
133039
126345
117949
118347
122818
125505
128985
133316
138102
145172
147579
141242
140080
150445
152514
139585
136775
150021
155132
155209
169357
188382
193143
192766
201141
208733
206866
205822
212762
221471
226658
229170
230264
232004
235257
235610
231134
229934
237209
246004
251070
254867
256331
253456
252137
255089
257129
259972
269673
282752
293155
302643
313553
325487
341938
362476
376775
381417
387689
401830
416629
429045
444798
461615
469937
470603
472326
474307
469894
463746
466168
474526
478170
477292
478713
479189
470589
455765
443282
432268
416338
395271
372035
346184
315955
283925
256346
236301
217543
192058
164415
144936
130578
111829
91462.1
71589.7
45608.1
16105
22527.6
48337.4
72347.5
92897.8
108797
124663
144815
166779
186155
203738
221077
238196
255221
268835
274738
277954
287003
297783
301403
301554
304473
304126
296959
293803
299920
304401
300363
292908
283976
271603
260915
257808
259510
261124
260157
255393
251229
255897
267336
276326
279847
279442
275107
269958
269823
273125
273509
271314
271012
271206
267690
262808
262978
269043
274915
276726
277999
280811
281478
279387
278266
278511
278554
278526
276875
273371
272851
275002
269993
255589
244293
240725
233254
217443
202782
191620
176605
158130
140940
121668
98767.1
79134.6
65898.8
54242.9
46023.5
54854.7
81233.3
111820
135743
155947
181972
212247
238165
258783
278598
299419
319302
335934
350059
365478
381863
392308
394709
396945
403874
409479
411428
418055
428157
428713
418132
407862
399058
383277
363127
349081
340050
327103
308382
289063
271796
256035
240645
225293
210939
198835
188402
176137
164471
160041
165374
174436
180116
184612
195145
207591
212167
210177
211098
217823
226865
238247
247122
245582
239101
238222
239766
235853
231428
234501
242572
249894
254063
253200
248124
243320
238381
228577
217740
212203
205051
189317
175860
171956
165993
151792
143213
144851
144249
138019
133722
133539
134953
135567
134777
133207
130583
123734
114072
107008
100281
89766.8
82624.2
83409.1
81012.6
70906.1
66668
73547.7
82978.3
94771.6
113384
135988
152765
165129
183824
209345
233144
254054
275098
293655
306614
317063
326627
337118
352971
368676
373872
375556
387465
403040
406568
402261
402917
406191
404593
399293
391267
381473
377310
377187
366708
346246
333318
327662
311880
287225
269032
255750
236695
214888
194181
168183
139245
118951
100863
76481.2
52418.6
36110.6
16683.7
9190.96
25049.2
32097.6
39447.6
52844
69132.3
83323.3
91908.7
93070.5
92725
97260.4
101271
101283
102454
103908
100337
97308.7
102496
108633
111407
118931
129605
136124
146214
164660
178429
186918
204358
224893
238012
255348
283413
304950
317053
336331
360917
374103
380331
392987
404783
403910
398047
400254
410565
418934
413632
395203
382074
384287
384923
370801
353918
344672
333800
319540
310485
296892
266938
237676
225400
213964
190846
176076
180029
188790
194230
202808
217739
235166
253585
275191
297485
316185
332799
351862
369531
383499
402690
429899
451143
459354
467506
482920
495986
503229
512286
520243
519192
513469
511040
508400
502293
498699
498155
489856
470768
452796
442700
430978
407873
377116
346513
319056
295699
274540
250112
221492
195713
171860
141897
108538
82388.5
65895.1
61835.2
78236.8
103008
123244
139836
153195
163278
174532
189295
204098
217985
234083
252064
269875
287541
303147
314026
324376
340730
360754
376015
384889
394911
410101
424989
434930
442851
449985
453873
459415
471881
482372
483175
485885
499922
512953
514376
513587
519023
525162
525978
520454
508446
495807
490170
486295
476063
465017
457556
444065
421985
403665
392026
378375
364069
353140
335921
308857
287795
280444
274271
263591
255915
250503
242917
240739
248079
254823
261032
278977
303119
316800
325185
347261
380244
405109
419004
434948
455776
471613
480204
488577
498723
506594
510147
510285
508753
508989
511846
511177
503025
491474
479273
464058
447904
434594
420443
402309
386125
374329
357766
331932
306426
286987
266419
240604
214837
191648
169995
152353
137730
121445
103897
89384.5
80982.2
78923.9
79114.1
75343.2
68008
61374.7
57134.1
58539.9
61702.4
57481.7
49528.7
50038.5
58664.7
63945.1
60943.8
54486.5
48111.6
44046.8
35755
23732
14202.7
17445.1
27773.2
37600.2
45676.8
54154.6
68783.8
89469.9
112360
136555
157981
173872
188321
203093
210743
212873
223944
247841
269150
277945
280957
284994
290416
300765
316661
328762
334487
343073
354888
360459
360644
362216
361262
352496
339228
325238
309205
292520
276206
256725
234337
215241
200267
183334
163725
146924
133851
120287
106409
95597.9
83885.9
68623.3
54901.3
49534.2
46807.5
40746.2
47811.2
63668.4
74834.5
84633.7
98576
113212
127804
146192
168991
194194
217018
232619
244818
261223
281944
303025
325738
350179
366808
371732
376834
392342
412738
429655
443976
457321
466901
475310
489518
506983
516552
516008
515109
517505
515531
507286
499947
492974
478543
460158
447497
436414
416304
393173
381637
380583
375216
358948
340336
326993
313784
292639
267122
243473
218243
187483
156928
129735
99509.6
68471.7
49071.4
44249.2
56283.1
83986.9
109492
128461
152137
182258
212116
242362
275620
306155
329008
349101
374265
403205
426268
439363
449386
462668
477969
495295
518082
541426
555578
562631
572334
584738
591782
590760
585894
583679
588029
593570
591001
582418
577278
574044
564129
550328
542672
540822
535340
523838
511646
500721
485890
467422
454152
450400
445760
432292
418482
412252
408702
404984
404911
406667
406253
404862
399925
384890
366192
357850
358234
354039
339894
320129
301917
292921
292388
287810
272966
254970
242069
234387
230229
227991
223707
215858
205366
191162
175794
165502
155475
136717
116429
110289
115843
117055
115852
122684
131661
134900
137360
143773
151977
159761
165467
169139
178428
201353
232356
256483
270506
285164
303660
317258
326265
341068
358524
368141
376540
394882
412756
415787
414521
425673
442553
450285
450279
449622
446340
439450
435140
434876
432039
422180
406193
387779
374830
373283
376808
373075
359470
342184
324809
308519
295331
283798
271402
263084
263547
263747
255112
247396
252350
262425
264846
263260
267484
275495
278805
277564
281299
296791
318994
336545
345961
353633
363274
372071
375736
373490
369873
372716
385348
400819
407827
402860
393198
386452
382428
377853
370460
359054
343581
325716
309107
298884
294179
284403
264925
246266
236490
230015
223459
220063
216246
205698
193943
191530
196920
198701
192356
184165
179140
174131
166276
157977
153898
154698
160640
169949
179476
184565
183630
178896
173794
171757
171300
166212
155659
146642
143134
140358
132768
124734
119754
114234
110233
112999
118279
120244
119649
115853
106561
97362.7
94797.5
93598.7
87357.2
80211.1
78004.8
80332.7
84141.1
87725.1
87381.2
82735.2
79301.9
79478.5
85068.9
98507.9
113437
119926
120212
122085
121313
113671
114081
132100
151525
159362
165918
179828
191586
194199
192275
186949
178071
174895
180891
185845
184046
184612
193947
205005
209709
209794
209934
209891
208519
204184
193678
177827
164227
158358
155948
150293
140438
129694
122050
117740
111056
97813.9
83768.9
77318.1
75962.1
71688.1
61478.5
48982.5
38688.1
32945.2
32526.3
31793.8
29093.5
24168.4
16656.9
9969.48
5862.6
11237.8
7890.13
7415.54
16980.3
32646.8
49366.5
66777.7
82256.6
95660.6
109477
123223
132970
138810
144315
151276
159667
169565
180258
189897
196860
199490
200200
206525
219525
229976
234956
242656
253262
254361
242712
230477
224659
220876
217194
216280
213012
199867
183152
172490
164371
152402
140568
133708
128342
121226
114073
107190
100267
98810.9
108233
122960
135577
146778
160807
176390
186464
190445
199063
218958
242879
264384
288235
316280
339652
353706
364918
376742
384593
388134
392945
399127
402642
406599
418846
437064
448276
448104
447022
451867
456659
458534
460911
461396
453734
442141
432652
420748
405798
398129
396981
389233
375942
368886
364786
354885
344716
338036
326132
309046
296456
285298
268957
256038
251375
244632
230395
214160
198082
178054
156518
141355
132123
120408
102739
83132
67031.1
53803
40931.6
32122.2
31393.4
40197.1
54715.2
61723.1
62496.6
71671
85190.9
88518.9
90620.3
105442
118278
115458
114778
129164
140227
140238
146686
161253
167471
166126
166315
161063
149361
146377
151483
148810
142294
144643
146190
137261
131775
137635
141739
138763
139838
144537
143157
139612
143057
150239
151901
154743
168112
183643
190305
193305
199822
205857
209413
216848
227057
231874
233633
239176
244639
246187
249813
255093
250964
238271
230638
228836
221804
210499
204861
201104
189727
176005
169829
166614
157804
145049
135408
127909
117949
104280
91039.1
84346
83829.9
84279.6
84562.3
86254.6
88258.8
87222.2
86094.6
90675.9
100990
113510
124490
134772
146671
155776
157357
156926
162754
169074
170108
171150
174574
173546
168421
165493
164502
161477
159764
162931
166678
168428
172121
181233
193675
204427
208307
204911
202011
204423
204873
200855
204167
216831
220263
209230
203118
210009
215214
215370
222129
232426
232314
224500
222430
228248
237052
245983
249601
246570
246464
250932
248041
239779
242454
253295
257092
259592
272518
285276
286955
289127
299083
306139
306443
306676
305516
299984
295099
289930
278187
265021
258324
253337
245789
241238
237885
230864
227860
232852
232518
218179
201593
190234
174706
153003
137979
137387
138361
128326
112651
105970
107104
102194
92208.7
92635.8
100687
102046
100270
101053
100719
103559
113586
123935
130686
137747
145659
153952
168535
186482
195181
197434
207337
221226
224739
222841
229985
241598
246544
248057
251666
252371
245947
234809
220355
205091
195463
192195
188239
182420
179464
178868
178021
176374
173209
163486
148729
137846
134248
131431
124059
114501
109302
110762
114010
111461
101868
94505.2
96518.5
103008
108174
113338
117922
115564
106278
102281
110019
121763
132612
146649
162652
174068
182646
194458
206042
210732
215363
231489
252512
261622
259940
263383
275116
283741
286463
291449
298691
298452
290295
286356
293880
306602
314547
317520
322960
331708
336542
337869
347128
364061
371312
363748
358548
366324
374397
372395
367940
370828
374257
369366
362512
365020
373377
376852
377528
383387
390494
389892
384832
386496
396164
404920
408386
412866
424202
437839
446924
453730
460372
458369
446121
440959
450590
455209
442603
430256
430057
428348
417628
410683
412997
414672
409206
398678
388477
382893
378242
368738
362025
367258
374010
371424
370840
381791
388385
380775
374614
379625
381167
370161
358401
356874
362281
363582
353062
336330
325331
321680
318710
317464
320586
320079
313710
314004
323099
328084
327841
331778
336951
336271
335680
339792
340193
331131
319324
314630
319239
324409
319767
311521
311805
313981
304767
289450
279562
271909
261348
251614
242993
232649
228392
234941
244675
254505
263931
269324
272981
284535
299699
304308
300513
301418
306891
307259
303332
302956
310667
322871
330998
333868
340898
354597
366352
373721
383473
395630
405065
415033
428645
438373
440337
442984
452225
461368
464308
463965
462307
456696
449233
445322
445337
445723
445044
442595
438843
435250
430257
420782
408805
398821
390604
381449
371417
360923
348583
334998
322962
312524
301265
288657
275038
259915
244779
232065
220308
207747
196047
184590
170054
153710
138576
123045
106291
92241.8
81606.9
69846.2
56006.5
44738
38959.4
38230.8
42156.5
48747.1
56681.7
66614.9
77324.2
86261.3
94259.5
104022
115012
124593
131958
138279
143899
147432
149478
152921
157864
160339
158962
157464
157201
154777
149988
147154
146886
145064
140717
137122
135588
134679
133668
132661
131346
129850
128983
129428
131696
135743
140474
144723
148536
153390
160679
169486
177794
186102
196082
206053
213136
218595
225378
233098
239829
245820
251243
254776
257075
260529
264326
265456
264296
263952
265151
265672
263393
258329
252555
247722
243029
237153
230335
222963
214615
206003
197593
187330
173963
160146
148638
138385
126985
114024
100075
85548.7
71427.7
57714.1
42298.8
24925.7
9381.71
12459.1
27752
43142.1
58099.8
74238.6
90236.4
103921
118610
137500
156331
171403
186153
202327
216565
229244
243805
258936
272191
285538
301142
317689
332853
344401
351603
357194
365001
374777
381057
380369
378137
380717
384196
382676
380590
382136
379771
369752
362472
361788
357205
346420
339096
334571
323944
309679
298199
285315
269355
259020
254604
245386
231213
221231
218238
220916
228350
234672
235579
238903
251585
267309
280472
295375
313736
330117
344213
361197
380829
399156
416844
434892
450609
463420
476162
489709
502708
513816
523109
533689
547884
561173
567980
570195
572582
576819
583027
588147
586218
578436
573365
572354
567611
556390
544038
533944
525990
518527
506060
485247
462914
445527
429251
410934
392693
371595
345145
319856
297034
268640
236788
212205
191346
164877
139652
125347
121368
129853
150961
177709
203579
228497
256086
286483
314821
339377
363799
388237
408771
426058
443344
458632
470113
481021
492317
501334
507511
509445
504096
495599
491376
489721
485302
479133
471847
458330
439766
422276
402165
374753
348957
332703
317500
295166
270518
246619
219389
192541
172553
154966
135409
123175
124686
133337
147827
170670
194335
212985
232129
256884
283580
309025
334701
359111
378906
397721
420440
442938
460186
475697
493495
512086
530824
550024
566088
577258
586977
595433
599049
600144
603750
607983
609333
611236
616459
618896
612987
602855
594109
585085
574261
564435
554052
537248
516330
498430
481851
461187
438846
417169
388280
349647
311976
279948
245268
205981
168505
130688
90773.2
69983.4
81725.2
110548
150403
190197
227762
274283
327818
373005
408233
443862
481516
518561
557679
597232
630013
657188
684999
712334
737501
764774
792823
813774
827383
839239
849514
855956
858023
853986
843764
831314
818195
802984
786399
768248
745446
720326
698583
677198
650197
621476
595558
566914
532639
498743
465909
426905
381165
333736
285712
239771
200987
163757
118302
72795
52733.3
65663
93625.4
124467
152275
180535
212567
244203
270899
293745
315744
338069
361418
387313
415144
440684
460922
478593
497018
514397
528816
541457
550657
553359
554248
559664
564251
559154
547374
534552
517983
498859
484876
476008
464814
450364
435781
419533
401675
385877
369238
345659
316853
287992
259093
226468
188742
149530
114255
85102.2
68739.6
78149.5
105914
146385
198508
248627
287521
323673
363469
401167
437102
479333
524536
562490
594896
628866
663926
699583
737977
773885
801806
827072
853302
874986
892921
914824
937611
951141
956105
960435
964494
962508
953901
944227
934980
921464
903292
885618
867580
844465
820052
799856
778422
749388
716488
682018
642157
600825
566676
534221
490731
438359
387511
341070
301535
272698
250614
234098
233448
249623
270002
290373
315361
347542
384416
423059
463894
506409
546688
584858
624803
663835
697664
731959
770950
807016
837131
869061
901040
922029
935666
952738
968237
973405
975109
979910
981173
976801
972609
966381
953381
939767
930897
921926
910064
898214
884578
865126
841502
815746
787796
760723
737295
713653
683884
647169
605479
561206
518215
478734
440554
399930
356575
314073
274853
237002
198168
159693
124563
92898.7
62778.9
36680.1
26878
44971.4
73427.3
101864
130671
165081
203103
237068
265695
293364
321542
349378
375879
398816
417400
433143
447662
462825
479863
496271
508637
518953
531910
546953
559992
569996
577557
581369
582245
583755
584991
582054
577306
574749
570223
558707
544309
530509
512433
488351
463848
440144
413374
386791
367085
351576
332950
311916
293894
278727
266033
261122
264051
266264
264850
267519
277645
289473
303600
326933
354809
373731
384648
400592
424393
448498
468892
484907
495935
505686
517557
526462
528689
530905
535982
535890
527754
518622
511621
505542
502280
500281
492842
480664
469320
454475
430679
406664
390974
376291
354272
329037
302825
269158
229619
194910
166137
138385
118499
113992
120933
138765
163711
186302
208354
233450
256667
279640
311732
348635
376544
396454
417532
437613
454679
476286
500243
513123
516609
525997
542563
555239
562131
567702
569759
566743
565387
570412
575880
573220
562435
550466
540738
531003
520811
511482
499444
482424
467807
459681
449754
435635
424834
414451
395562
376124
365940
354488
332900
310236
290501
268841
250979
242160
231901
215880
204611
199904
196829
198877
204813
205745
206426
216966
231533
241543
250424
261394
270601
276847
284006
293087
301193
309100
322698
342173
358329
366192
371490
379559
389728
400989
411763
418688
422822
429233
438515
446952
453912
461148
467090
469029
468466
468373
467762
463851
459139
458747
461629
459963
452038
444694
439032
429790
419339
412424
404603
393437
385123
376951
359047
335985
317836
299253
274715
251477
231391
206465
177437
150869
124202
97597.4
75798.2
54031.5
25481.3
14953.1
32258
48494.4
69014.4
92219.5
116009
141903
168589
192040
212161
229493
244632
261571
280643
296320
310041
329531
350926
364721
374206
385095
393430
399296
409012
419686
423557
422501
421834
420023
416746
415256
413376
408450
407747
416042
423157
421930
422832
433626
445507
454687
470657
493063
510217
525483
552433
584042
602845
614223
633375
655906
672461
689388
710978
728546
741744
761203
784897
799696
805119
811483
820981
829517
837368
844322
846204
844130
842846
839072
828287
816785
808975
797076
777956
759012
738664
709392
678187
653565
626650
591087
556608
525464
487749
447042
414887
385468
347844
306926
268185
227062
186576
155253
127145
91679.2
53043.9
21008.9
22670.6
44739
65433.1
91933.7
121990
146793
166596
188977
210790
226265
240211
254517
262055
264048
268929
275048
277819
282865
293599
302326
303801
302655
302453
303337
306962
311638
312352
310206
310635
314958
321105
325676
324824
320066
316571
313743
307687
299714
291357
279862
267392
260009
255438
247426
238626
233726
230155
227059
229841
236655
241827
249961
267169
285931
297054
304360
312293
318807
328112
346927
366512
376110
381625
389714
397629
408059
425326
440695
447086
453333
466677
481721
493612
503151
511766
523016
538355
549487
551648
555174
566308
576338
581961
589199
593141
586684
581544
587710
593867
592855
594532
598390
593872
587987
592953
599283
594747
587136
584368
581856
579636
581666
580788
570666
559169
552294
544344
532762
522739
517156
516250
519934
522854
519439
514143
515019
522095
529203
531300
528281
523968
519556
513005
507412
506213
501875
488513
476033
470015
458391
437690
420856
406457
381245
352829
336029
322010
302355
289176
284590
281678
287108
303158
316625
328424
350530
378048
402427
429571
462911
495038
524235
555631
587341
614123
638656
666338
696653
724404
745067
757919
765584
770906
776526
785254
794885
798152
792892
784954
778449
771092
759433
742022
718803
693268
671232
652626
631095
604058
573393
538209
499748
465104
433533
396586
358485
330252
307371
282435
262259
249524
238562
237646
254402
277722
302972
336390
371243
396527
418940
447152
474644
496263
517782
540723
560266
576530
588890
589696
578022
563840
552003
538052
520088
500792
480642
459241
437798
414394
385943
356969
332739
308050
276309
240961
206159
169626
130995
93636.6
60334.8
36465.9
29934.5
39949.4
62778.9
90105.2
114209
137395
159638
174413
183449
194088
202287
201993
202138
211575
221544
224172
225159
228048
230680
234959
241585
243564
241148
244570
254660
261850
264803
269929
277860
285986
296017
307698
315077
316205
317094
324292
337017
348934
355938
358440
359322
363440
373892
385620
389196
381172
365326
348815
339505
337885
333956
321140
304652
288649
268712
245058
223284
199647
166461
129344
97824
67236.9
30389.8
18167.2
57513.5
102763
150531
195101
239015
285551
330741
372421
413521
454678
495488
537481
577890
612885
647389
687927
729422
764028
793101
820296
845861
873940
908105
940123
961203
976711
994783
1.01345e+06
1.02886e+06
1.04047e+06
1.04765e+06
1.05371e+06
1.06414e+06
1.07509e+06
1.07808e+06
1.0737e+06
1.06695e+06
1.05935e+06
1.05387e+06
1.05197e+06
1.04611e+06
1.03139e+06
1.01492e+06
1.00045e+06
981590
958450
938164
917627
890530
862175
836397
805658
767976
731219
695860
656219
614634
576982
542715
507915
468524
422798
376840
336001
294246
248166
206853
171566
129413
80803.3
45802.6
41326
70193.4
110397
147308
187275
234780
278359
313802
353195
401256
449052
491235
529443
564347
597080
629346
660586
690868
722425
754797
786384
817816
847122
870506
889691
907910
921879
932444
951256
981522
1.00898e+06
1.02447e+06
1.03432e+06
1.04165e+06
1.04155e+06
1.03597e+06
1.0321e+06
1.03047e+06
1.02846e+06
1.02597e+06
1.0213e+06
1.01201e+06
999036
982816
962710
942243
923893
902371
874702
848572
829045
809211
782959
754072
727002
699853
669225
635523
603022
575506
551667
529546
512563
501602
490792
482019
486867
506685
530032
550710
572063
597031
625707
659953
700113
739636
772413
801813
833803
866984
896120
919711
939008
955370
972029
992120
1.01379e+06
1.03246e+06
1.04702e+06
1.05971e+06
1.07118e+06
1.08038e+06
1.08782e+06
1.09537e+06
1.1033e+06
1.10827e+06
1.10564e+06
1.09743e+06
1.09191e+06
1.08865e+06
1.07812e+06
1.06168e+06
1.04949e+06
1.03875e+06
1.02155e+06
1.00557e+06
998208
989418
974533
964740
960997
953083
945511
947815
951810
949842
950769
956180
954561
948064
949742
956506
956966
955459
961840
971800
976692
979112
983407
983967
975706
963161
951366
939398
925556
909977
893358
874746
848386
809435
764830
727088
696898
665282
629148
590582
547760
500268
454482
412851
371330
331712
297968
266993
241371
231578
237370
254950
285477
324358
365559
407777
447322
480190
509605
538878
565485
589845
616077
641317
660145
674929
686352
687497
678561
668683
659465
646548
631833
615188
591228
564059
541774
517959
484007
445376
407098
365642
323447
286159
248663
207195
167825
129994
92592.1
84451.2
113929
143451
171519
205973
244929
287151
331004
373246
415790
459489
496069
521326
541642
557940
567376
577061
589762
593616
586893
585497
589536
582863
568422
558982
544748
515832
490142
477611
457871
423431
394708
374967
345805
308105
277131
251295
224371
202978
187323
170417
158712
156990
159844
167090
176450
182485
193138
213645
230788
237750
241868
245271
245587
249802
260409
264607
256548
247427
242712
236164
227915
222764
217514
207297
195275
184966
173954
160509
147724
140960
142418
145385
143297
145385
159753
175443
184191
194096
208251
220168
233791
258809
289927
313646
328878
343626
361392
380784
400579
419148
434562
448698
464894
481512
494703
504778
514529
525396
537245
547888
552556
550489
550196
560091
576153
587917
592574
593843
592071
586380
580848
579028
578742
577512
573985
564038
547179
532414
525706
519601
506075
490373
482343
482863
484875
481951
474380
467978
465541
463119
459330
459861
466440
474275
482593
492238
499610
506709
520970
538567
549341
557920
575055
596417
612693
626674
643607
660275
672957
682861
691424
699568
708439
717144
726071
738379
750754
754029
747862
740260
734047
728701
727141
727623
720992
703454
681229
661736
647451
636157
624261
610281
593197
571105
547830
530854
515084
486665
449925
423053
403932
376552
347004
330746
317793
292855
265784
248372
232751
214566
203333
198415
188554
174228
162551
153585
147418
145590
146551
149348
153311
155246
157559
166223
175170
175332
173705
178755
182684
178887
176110
179161
182363
186008
192414
195759
193153
194130
203610
211433
212756
217604
229994
239307
239567
237385
237478
238627
241637
246159
247715
247384
250280
254073
255114
260538
275641
288417
289779
291033
300278
307279
306397
305208
301884
287937
273390
272333
276567
273020
266444
263206
258754
255485
263247
275916
278028
274093
279164
286518
279424
263624
253786
245033
229299
215853
209705
198728
180112
168993
169484
169963
169389
176653
192285
210921
229257
243573
253391
266252
286033
305289
318502
329613
341351
352842
368636
393249
419077
434520
442215
452498
464188
470553
475672
486379
494875
492528
486347
482917
475909
462391
450893
444649
435040
417022
392886
364488
337117
319214
309428
300286
293819
293935
298249
309811
334197
370762
417845
468690
510762
545800
586283
633082
681053
733015
787708
833959
868647
899102
927611
953769
983020
1.01619e+06
1.04508e+06
1.06755e+06
1.08855e+06
1.10817e+06
1.12634e+06
1.1459e+06
1.15972e+06
1.15839e+06
1.15091e+06
1.14816e+06
1.14058e+06
1.12171e+06
1.10482e+06
1.09379e+06
1.07347e+06
1.04149e+06
1.0115e+06
984611
953040
920208
890003
856541
819320
785448
756672
733267
717021
699847
674356
650095
633896
615189
590236
568266
548022
523413
501561
486461
468814
449136
440537
440812
433000
414001
395218
380905
365445
346250
328007
315501
305748
290693
267777
242422
219571
200980
186593
176678
171898
172394
181184
203724
239205
275567
305042
332799
364499
398855
434261
470406
504099
532658
558580
583592
606085
626814
646522
662282
676485
697775
723688
739557
742439
744982
750099
746736
733983
722575
712539
696471
679338
667923
652533
625104
599179
586094
573207
547006
516963
498052
486947
472676
455947
442868
432516
421964
412780
405696
398105
389454
383331
383433
388676
393666
396773
404740
419512
429422
429014
431849
447126
464050
475005
487617
503367
512522
516104
526428
544701
561459
576269
595305
615234
628302
638191
656382
684531
711839
732866
756084
787230
817903
841232
862560
886999
912973
940704
971939
1.00154e+06
1.02341e+06
1.04055e+06
1.06187e+06
1.09236e+06
1.12747e+06
1.15609e+06
1.17403e+06
1.1925e+06
1.22114e+06
1.25212e+06
1.27666e+06
1.30033e+06
1.32549e+06
1.34351e+06
1.35605e+06
1.37313e+06
1.38902e+06
1.3927e+06
1.3912e+06
1.39312e+06
1.39007e+06
1.37823e+06
1.37068e+06
1.37288e+06
1.37227e+06
1.36091e+06
1.34409e+06
1.32476e+06
1.30077e+06
1.27562e+06
1.25558e+06
1.23882e+06
1.21717e+06
1.18658e+06
1.1518e+06
1.11974e+06
1.08936e+06
1.05601e+06
1.02386e+06
996688
966522
932533
908467
895734
881112
864737
855718
851942
851511
860487
875876
889449
906762
934599
962776
981346
995983
1.01232e+06
1.0268e+06
1.03886e+06
1.05214e+06
1.06446e+06
1.07168e+06
1.07587e+06
1.08026e+06
1.08367e+06
1.08476e+06
1.08601e+06
1.09021e+06
1.09579e+06
1.09804e+06
1.0937e+06
1.08483e+06
1.07804e+06
1.07697e+06
1.07615e+06
1.07084e+06
1.06816e+06
1.07327e+06
1.07592e+06
1.06921e+06
1.06424e+06
1.06748e+06
1.06747e+06
1.06086e+06
1.06148e+06
1.07041e+06
1.07146e+06
1.06301e+06
1.05943e+06
1.06159e+06
1.05897e+06
1.05309e+06
1.05028e+06
1.04494e+06
1.03291e+06
1.02275e+06
1.01824e+06
1.00886e+06
988302
963067
938040
912309
888199
866782
840332
804663
767893
736244
704453
664658
616388
567117
526158
494243
461529
420858
376046
333249
293954
257928
224607
192850
163621
138547
116102
99876.6
99087.6
108956
119244
132051
149245
166423
181957
196564
207998
213686
213282
210648
210516
212066
208888
198346
184220
167396
144797
120499
101804
83314
56326.5
24757.5
5893.28
29175.3
61939.4
101987
144794
186452
220802
245605
272013
311229
356522
395002
427583
462712
501380
538683
571581
598700
620555
642449
669311
697394
719120
733209
743264
752195
761543
771365
779566
783769
782889
776949
766544
752803
738412
726367
715191
699339
676989
651232
622325
588090
552193
520318
488857
451305
409966
368706
322121
270314
226615
194123
159636
128780
124487
140544
164902
204061
255095
308311
357539
398924
436564
480549
531359
579139
619651
656339
690626
722516
751686
773524
784843
791742
799651
803629
798807
788940
776407
759910
743977
732910
720912
703623
685560
667914
647590
627401
611666
600796
595591
595455
597876
605875
622608
642656
662609
685119
707848
728905
754544
785203
813690
839756
866475
890345
910840
933859
958023
975065
984286
991478
997592
999831
997986
992572
982745
968898
952335
933002
910978
887390
862119
834094
803807
772189
738482
702206
665065
629219
595619
563754
531686
498065
464277
432636
404016
378537
355795
334191
313359
295926
283759
274827
266739
260588
257875
256780
255550
255423
256743
257524
257927
260017
263139
265447
267626
270672
274506
280618
290651
303021
315693
329755
346602
365345
385338
407067
430744
456706
484935
514508
544999
575873
606297
637310
669864
702334
734067
766712
799990
831641
861901
892990
924746
955215
984304
1.01269e+06
1.03942e+06
1.06398e+06
1.08752e+06
1.1102e+06
1.131e+06
1.15044e+06
1.16964e+06
1.18835e+06
1.20567e+06
1.22037e+06
1.23177e+06
1.24142e+06
1.25061e+06
1.25853e+06
1.26567e+06
1.27322e+06
1.27982e+06
1.28508e+06
1.2917e+06
1.30047e+06
1.31004e+06
1.32142e+06
1.33638e+06
1.35467e+06
1.37653e+06
1.40371e+06
1.43711e+06
1.47653e+06
1.52179e+06
1.57296e+06
1.63039e+06
1.69408e+06
1.76337e+06
1.83824e+06
1.91937e+06
2.0057e+06
2.09495e+06
2.18664e+06
2.28061e+06
2.37507e+06
2.4706e+06
2.5696e+06
2.66966e+06
2.76625e+06
2.85994e+06
2.95306e+06
3.0443e+06
3.13114e+06
3.21183e+06
3.28522e+06
3.35237e+06
3.41546e+06
3.47426e+06
3.52663e+06
3.57113e+06
3.60771e+06
3.63742e+06
3.66055e+06
3.67475e+06
3.67811e+06
3.67176e+06
3.6566e+06
3.63293e+06
3.60369e+06
3.56954e+06
3.52448e+06
3.46513e+06
3.3965e+06
3.32237e+06
3.24067e+06
3.15137e+06
3.05654e+06
2.95418e+06
2.84312e+06
2.72782e+06
2.61006e+06
2.48558e+06
2.35333e+06
2.21765e+06
2.08106e+06
1.94403e+06
1.80866e+06
1.67609e+06
1.54411e+06
1.41193e+06
1.2832e+06
1.16066e+06
1.04271e+06
931381
838045
771859
730389
710282
712637
734527
771471
822340
882756
943693
1.00003e+06
1.05405e+06
1.10823e+06
1.1592e+06
1.20277e+06
1.24047e+06
1.27508e+06
1.30405e+06
1.32353e+06
1.33514e+06
1.34364e+06
1.34925e+06
1.34738e+06
1.33526e+06
1.31399e+06
1.28603e+06
1.2554e+06
1.22454e+06
1.189e+06
1.144e+06
1.09276e+06
1.03855e+06
979389
918601
863147
809361
750091
690242
636294
585114
537112
498816
467227
437349
417381
412008
414735
425661
446028
469290
495810
528897
561928
591643
624363
659689
691286
719886
747115
768712
785277
802728
819157
828443
832811
837028
838161
833598
829274
828737
824441
810697
794241
783588
777562
770399
760562
750303
740888
732783
727446
725201
723943
722242
720193
718103
717386
717965
716151
712247
712059
714405
712055
707791
709487
713233
712984
714728
721318
724236
723163
726628
730112
722666
708954
699752
694803
691288
689926
684171
663548
634167
613111
601368
584930
559481
533073
508442
481694
454294
430844
408806
381835
350749
322806
299875
275720
248743
225973
208872
193093
182711
182643
187176
192676
200173
204408
205786
213837
225531
229992
231129
237226
242381
240043
234912
231004
227748
227183
228048
220758
202649
182518
163721
143581
124762
109201
90257.9
67184.7
51851.2
47081.2
56781.8
82298.9
112221
142809
175256
207084
239406
276228
314308
348517
380747
411730
437906
462402
491687
521868
545253
564841
586326
606743
623401
639194
651265
653296
651459
656476
664553
664782
656333
643440
625748
602943
577728
551132
522574
493771
466548
439199
409724
380240
355787
339654
330379
326534
332487
349891
370776
389953
411085
434985
458559
482930
508741
530020
544185
557927
575127
591334
603769
614279
622055
625186
625641
624233
618433
609109
598910
585640
568982
554179
540025
518400
488792
457574
427062
397621
372352
351411
330803
310529
294001
280162
267687
260392
260163
265577
277216
291862
300597
304300
313397
328898
341201
346048
346689
345015
341861
339555
336813
327499
310026
291574
276710
261335
243557
227931
215405
202782
192543
192486
205168
226798
253882
286618
328182
379303
434279
486382
533969
581065
633363
689969
742705
787292
830384
876295
916088
942303
961630
981272
999247
1.01571e+06
1.03454e+06
1.04984e+06
1.05021e+06
1.03899e+06
1.03006e+06
1.02572e+06
1.01931e+06
1.01143e+06
1.00328e+06
986119
953981
914371
877698
846757
818760
791992
767503
742982
713122
681793
658453
641282
625340
617704
620629
623123
625410
637850
655566
670371
691818
725041
755224
775852
797639
821814
840417
856764
876868
895243
906619
913113
914336
910001
906410
906553
904644
896919
884648
866606
842344
817525
794863
768907
737849
708057
681074
649659
612191
576202
545112
515450
486835
463185
444511
425964
405895
388447
377298
372367
370661
367365
357085
340448
326671
321794
319546
311500
298879
286858
275887
264531
254137
244278
231830
216849
203186
192910
183581
172402
160317
148585
135490
120090
103752
88580.7
78913.5
79589.4
87304.3
93126.5
95982.9
102090
110251
114081
113442
110403
106530
107316
114130
119487
121649
128049
138870
151452
170311
196060
221244
245257
274469
306831
336708
367322
402222
437756
473237
512123
551478
585357
614562
642056
665801
683703
700176
720900
743131
758058
761336
755372
745710
739386
739314
738561
728614
709864
687295
664363
643187
623820
602811
576216
543871
509061
475558
444601
413496
379603
347758
327400
318863
313172
307284
305483
308935
316166
325408
335324
349264
369506
388333
399143
408717
423069
435994
443732
451502
460871
469681
480514
493977
504104
510504
521965
543038
568414
593222
619743
651173
686394
724353
766958
813431
857707
895209
927825
961322
999482
1.03998e+06
1.07811e+06
1.11388e+06
1.14968e+06
1.1826e+06
1.21031e+06
1.23972e+06
1.27429e+06
1.3035e+06
1.32073e+06
1.33431e+06
1.34821e+06
1.35494e+06
1.35436e+06
1.35445e+06
1.35355e+06
1.34508e+06
1.33216e+06
1.31904e+06
1.30153e+06
1.27677e+06
1.24651e+06
1.2117e+06
1.17666e+06
1.14691e+06
1.11908e+06
1.08886e+06
1.06041e+06
1.03413e+06
1.00554e+06
981427
970515
964377
953189
944065
944209
948424
954312
965791
980636
994629
1.01087e+06
1.03181e+06
1.05381e+06
1.07542e+06
1.0984e+06
1.11951e+06
1.13366e+06
1.1432e+06
1.15274e+06
1.1602e+06
1.16394e+06
1.16928e+06
1.17646e+06
1.17699e+06
1.17007e+06
1.16293e+06
1.15494e+06
1.14255e+06
1.12852e+06
1.11012e+06
1.08005e+06
1.04521e+06
1.01739e+06
992878
966147
943188
924177
902683
884557
875637
866270
853870
849579
852225
854143
861192
874756
882279
884122
891566
900122
901278
901227
903732
903944
904109
906233
902110
890865
881499
872543
857431
841521
829422
813399
790372
765569
735405
694649
653187
619703
585816
545558
507029
474208
442782
414958
396791
386987
381425
381299
389978
404869
419795
437034
463936
496770
524570
544174
556666
562029
565749
573580
580176
580049
579025
579327
571302
551120
526706
502948
477616
449435
418894
384497
345111
303475
263567
223955
176867
118946
60533.6
22172.7
47791.5
97511.8
156039
218312
282626
347175
408405
466212
522702
576691
626870
676155
726289
774555
818856
858904
894064
926431
959086
989823
1.01649e+06
1.04206e+06
1.06487e+06
1.07963e+06
1.09223e+06
1.11156e+06
1.13004e+06
1.13623e+06
1.1362e+06
1.14011e+06
1.14451e+06
1.14309e+06
1.13724e+06
1.1275e+06
1.11093e+06
1.08969e+06
1.06926e+06
1.05048e+06
1.03123e+06
1.00942e+06
981406
946862
912288
881873
852940
823142
791663
755621
716107
679032
643409
603383
563033
530229
499539
461417
420200
383579
347984
308660
268452
229278
188395
146281
107451
75619.2
54669.3
51017.6
70394.7
99411.5
127992
158597
191891
221732
250089
283701
316377
340985
367278
402327
435718
461647
488151
516879
542249
566429
593718
621054
645405
666992
685635
704530
727074
747239
759590
772460
791367
805078
807241
807997
812182
815258
819626
826154
826006
821461
824775
830602
825474
815365
810202
802985
790152
782242
779882
769652
750742
734560
721226
705194
690721
680241
666990
651787
640786
627902
607031
585803
567493
546083
522996
501612
476355
447265
423373
402030
372532
340323
318461
302286
280521
257731
241838
228547
215613
208107
202315
191041
179229
170949
160760
148038
137950
128599
117578
109060
103846
98116.3
93241
93678
97425.7
100964
110161
129056
145531
151211
157887
173438
190090
206208
229186
253549
266710
277198
299058
323838
340192
355749
376773
395879
411491
429875
447953
460006
470573
483773
495830
506328
518044
527104
530196
534427
545468
557579
565895
575151
589085
603535
614604
623411
630353
634057
637513
646305
659618
670902
678076
686277
699052
713106
726547
745814
774703
805557
832958
861403
892258
922783
956758
996570
1.03424e+06
1.06573e+06
1.09767e+06
1.13151e+06
1.16119e+06
1.1883e+06
1.21757e+06
1.24255e+06
1.2578e+06
1.27133e+06
1.2866e+06
1.2942e+06
1.29397e+06
1.29743e+06
1.30428e+06
1.30494e+06
1.29988e+06
1.29343e+06
1.28341e+06
1.27122e+06
1.26195e+06
1.25349e+06
1.24181e+06
1.22739e+06
1.20783e+06
1.17988e+06
1.14917e+06
1.12227e+06
1.09713e+06
1.07254e+06
1.05188e+06
1.03313e+06
1.01199e+06
990390
969721
950412
939522
939309
941664
946623
960783
978086
992656
1.01236e+06
1.03897e+06
1.06471e+06
1.0917e+06
1.12419e+06
1.15419e+06
1.178e+06
1.20382e+06
1.23147e+06
1.25313e+06
1.27179e+06
1.29224e+06
1.30674e+06
1.30968e+06
1.30805e+06
1.30556e+06
1.29789e+06
1.28496e+06
1.26808e+06
1.24253e+06
1.20844e+06
1.1747e+06
1.14466e+06
1.11093e+06
1.06618e+06
1.01214e+06
957210
905599
852117
792299
730364
670795
610623
545993
476976
405238
335247
270466
208024
145159
93897.7
86927.2
125504
175980
223705
270848
323463
374725
415011
453141
499253
543257
574981
601547
627251
645418
658695
676234
691135
690178
677954
667012
656871
640666
619103
594499
564393
529236
495614
465310
431475
389883
345747
306957
275367
245337
213975
187108
168959
159430
161754
176640
199617
229171
263389
297929
331555
365743
398304
424602
444110
460602
477138
494203
512474
531174
545475
551412
551562
550834
550138
547534
543828
540993
537690
531306
522194
512516
503149
492352
476881
457299
440379
430778
423817
411718
393443
374657
359604
345797
330690
319432
317418
319093
314613
306246
301686
299964
297727
297152
297153
292140
286728
289762
295119
291467
284688
286004
292279
299068
311110
326037
333384
335776
341692
348320
354022
363975
375306
381609
389380
404967
419044
423975
426053
431634
441941
459896
485064
510322
533690
560077
591324
626244
663366
699849
735922
775505
817087
856327
896495
942030
989307
1.03412e+06
1.07733e+06
1.11899e+06
1.15821e+06
1.19723e+06
1.2365e+06
1.27246e+06
1.30619e+06
1.34317e+06
1.38092e+06
1.4088e+06
1.42299e+06
1.43088e+06
1.44116e+06
1.45683e+06
1.47384e+06
1.48381e+06
1.48115e+06
1.4676e+06
1.44929e+06
1.43298e+06
1.42156e+06
1.40899e+06
1.38703e+06
1.35707e+06
1.32466e+06
1.2883e+06
1.24554e+06
1.19948e+06
1.15091e+06
1.09734e+06
1.0425e+06
991866
940903
883148
825002
775955
732289
685576
637451
595163
561039
532286
509810
500207
502099
505025
509398
522917
541029
558563
582100
611271
634708
650768
666284
681272
693386
703025
707980
706337
702311
698608
692440
684513
678496
670115
651725
625905
598906
570358
540296
511877
482968
450563
418382
387778
356623
330486
314901
306477
304751
312213
323885
336290
352905
374309
399048
427998
457803
482834
504369
526206
548973
573055
596611
612628
618241
620389
624936
629949
633324
636461
637614
631911
619820
605719
590848
574829
558822
542343
523325
503129
484566
467988
454110
444721
438790
435535
436722
441017
443787
444663
448144
456888
469507
482415
493462
503254
512274
519827
525954
529854
529493
527197
528481
530959
525083
510475
498310
492667
484505
469208
453574
440790
425381
405625
385707
365770
343108
319553
297616
275866
253673
231649
207572
180867
155658
132511
106771
78787
53602.9
32426.2
17949.7
25891.9
43409
60800.7
77324
89047.3
96334.7
105530
119618
135664
150445
162775
173696
186970
202920
214571
219396
225226
234844
239879
236796
230318
221201
209154
201630
202159
201938
195519
188364
177025
157467
141550
138034
140463
142903
145496
140812
130979
132069
143898
154151
166079
183837
197318
204780
215022
227304
236924
248739
265186
278679
286940
294999
301206
303410
309505
323149
335683
342625
349021
355909
359011
358661
359148
361432
361449
354207
339694
323386
308876
293776
274841
253489
233458
215081
195997
176664
158819
140192
120043
105777
101686
99649.6
96956.1
101414
109489
114508
122289
137716
154561
166907
176163
185729
198065
211780
221460
226533
232499
240268
244573
242534
235546
227526
223875
224713
223435
219178
219548
221331
214626
207573
210924
217392
224264
241542
264315
277366
284903
296941
309682
320021
333546
349329
359737
366290
377103
393014
408037
419084
427600
433422
433798
429406
424116
418445
410388
400564
388375
367881
338124
308647
285657
264822
241228
214954
187979
165548
154419
150790
145114
131718
115049
108313
119393
136745
148239
161174
186017
220159
256004
291301
321536
343804
365216
387760
401578
406046
412866
421964
423386
419262
416190
409281
395972
384369
377584
366995
347663
325585
306079
286898
265273
243483
226035
214877
207621
204538
211804
228628
247427
267682
293127
324618
361350
398174
428167
455285
489067
527364
561058
590005
618930
647591
676482
708819
741439
765992
782163
796524
808607
812913
813396
820420
833589
841017
835045
819079
801491
788834
782340
777414
767208
748147
723362
699997
680003
657732
630544
602512
573984
540776
505720
476941
455769
438023
422378
407241
386929
360204
334030
313521
297985
286602
278800
273698
272602
274711
276728
281046
291723
304681
312644
314517
314688
318876
329275
341447
348940
350898
352053
356983
366593
377009
381376
376436
366925
359112
352515
344401
336074
328267
318402
307238
299221
295648
295300
297929
300760
297361
287689
281997
287255
298114
306648
311998
317459
325653
336835
347890
355458
360507
367524
380696
398375
411154
412833
412611
423297
440218
448847
447145
442596
436171
426209
416447
409110
401332
392803
383859
368031
341933
313763
290337
269783
251912
238548
224354
204407
185250
171360
154949
132448
111458
95341.3
77734.1
56444.7
39217.4
38313.4
54574.1
69486.9
80749.7
101619
133633
161327
179743
199625
224203
246031
263987
283713
306143
328226
349061
368497
385317
399620
413876
431291
452366
472403
487186
501665
524605
554855
582646
603449
621422
640639
660973
681886
703188
722015
735777
746055
752913
751681
742718
734158
730570
728969
725045
716111
702281
686946
672209
656454
638605
620073
601187
579190
549900
511660
469934
434925
411196
391200
363263
324261
280206
238020
199705
164762
132714
101223
69225.4
53034.8
68192
92322.8
121031
155838
188254
215425
243157
266877
275866
278720
291217
308515
317272
320133
324464
327759
332157
345498
363308
371239
369162
370131
377985
386043
390238
388712
379305
368507
363609
360666
355427
351621
348081
340181
334814
339403
347942
353747
358965
364482
369744
379277
394454
410224
426488
447109
468755
485937
500120
512946
522823
531941
543490
553513
557422
557004
554665
550689
546949
544034
538635
529857
521027
512360
502271
493868
487517
475425
456855
442843
434903
421184
398989
377276
358101
336576
313622
293276
273554
249866
223149
199586
183092
171029
160415
152957
149541
147462
147649
152829
158793
161679
166581
175113
180842
182471
184529
183600
174366
162974
157214
154107
148499
140761
132586
124095
116295
110424
106075
101916
99941.4
106922
124564
144768
161966
179583
202336
230995
262884
293380
321945
351902
380131
401512
421804
447533
470800
482418
487594
494624
503985
515101
528156
537727
538663
535550
534061
531455
524804
517107
509422
498354
483467
467895
451440
430309
403798
377332
356920
340534
320547
295791
273135
255428
240019
227869
222767
225792
234374
244652
258329
279492
302878
321820
341240
365474
388980
410150
433334
454521
466810
473401
479938
485796
491807
500491
507253
506816
504454
507024
510203
506620
498049
489639
480388
467963
454941
443356
427334
402399
376599
358566
341484
314719
283983
261468
245239
227132
207205
188133
171468
160923
155178
150971
154295
166319
176344
184245
198212
213211
223285
233638
247709
264197
283486
304122
318977
327490
335982
345494
355392
367801
379517
383670
384577
390343
396658
399053
404610
414377
417329
410739
403775
400916
400517
400588
395990
383696
369872
357990
344004
330652
324089
319159
309055
297835
289519
281302
273162
267474
261349
253428
248157
245633
241837
238708
239385
238406
231904
225409
223202
222005
217070
206813
193569
182777
177150
172921
165053
152554
138604
128921
124801
119647
107054
88440.1
73912.3
69256.6
69371.7
64037.3
48715.8
34121.7
34660.2
46679
56894
61977.6
71419
87223.5
100368
109345
121856
132619
131768
128062
133975
141245
141682
144491
151694
150400
141536
135918
131826
125186
121497
122206
120759
117212
115659
114626
114028
116488
119366
120352
119682
114487
108597
112728
118453
109491
99082.3
102311
101827
93702.2
97334.9
108747
110949
113196
120666
120819
114679
111456
110404
108213
108054
112899
118773
118662
114468
114025
116151
115481
117691
128241
137452
139701
146438
159602
167165
173065
187110
200909
206629
210757
213524
210082
207295
209939
209568
202791
195759
187885
177447
170848
168710
162740
151351
135643
117258
107147
107237
108132
112391
125504
138067
151029
173456
197600
218317
241992
264286
279563
297505
322274
341994
355724
375201
400290
422306
440444
456196
468323
479160
490156
496883
499357
502168
502419
496363
489687
485068
476148
463690
454850
446125
429580
408026
387190
365980
343710
321998
298415
270707
242837
217670
191754
162940
133060
103136
73648.3
46547.8
23133.1
20967.9
45055.9
69643.4
93255.6
118020
142294
164443
184376
201513
216569
230887
243014
252027
260025
266950
270136
269696
267712
264262
258586
251171
242776
233464
222840
210303
195734
180259
165215
150598
136171
123129
112336
103582
98434.7
98344.8
101598
106911
114790
125107
136550
147500
158396
170844
183252
192323
198017
202756
208034
213313
216567
216723
214935
212010
207428
201496
194760
186398
176310
165992
155564
143615
129895
115298
100268
84352.4
67221.2
49731
33021.3
18155.1
11699.7
21722.4
36128.4
50133
62939.4
75600.2
87954.7
99115
109523
119365
128053
135826
142745
148131
152182
155191
156280
155232
153183
150288
145575
139071
131873
124520
116439
107007
96801
86770.1
76358.7
64870.3
53574.7
43108.4
31347.4
18320.3
6722.59
8334.23
21237.6
34811.9
47124
57096
65024.2
75561.2
94812.5
117913
132265
137858
145338
153006
152375
147872
149020
148716
143159
143130
153302
162626
160298
153663
151429
148848
145799
152035
169772
185286
196200
209372
222601
232833
240691
244100
241749
238419
238071
238044
229171
213213
211986
226648
228436
212364
202181
201614
196280
186716
185955
191643
188976
178808
177252
190163
208579
225042
239061
251357
263253
268784
262566
257203
262244
261049
241746
219160
207159
203824
203694
201281
194802
193460
198330
196340
189005
191164
196689
192207
184193
177668
168683
167345
172763
166045
155540
160847
167053
160734
158868
167276
174934
182834
195922
209122
218781
227723
238498
253155
273169
294322
309103
316623
323609
334935
348439
358366
361400
358624
351232
340187
331354
333311
341773
342874
335316
329528
326789
315607
291958
267588
255152
256798
264413
266667
261889
257901
252942
239800
222292
211540
209900
211768
213233
217800
225103
224493
218389
226116
248342
264854
274289
291010
307452
310516
311729
320842
324451
315227
304401
294230
276140
253549
236810
222436
199151
167959
139408
117611
100060
84405.9
70589.6
58511.3
50135.8
56522.5
72446.7
85014.9
93690.5
104436
120917
140814
161440
177994
184310
188244
207415
238926
266750
290828
315956
333798
338761
339413
342260
344154
345131
350811
358871
358701
347235
332985
324417
323373
328105
334731
335060
320875
293756
264570
246414
240558
233230
217868
201966
189550
175205
155656
136779
130613
140962
152532
151086
139835
130544
132070
141188
152586
163253
169695
172331
176307
179060
175169
172802
179176
188414
192566
193017
194141
196319
195907
191562
188876
189680
186442
172865
155468
144205
139362
134453
126959
118404
111810
109268
103976
88506.1
74104.7
78153.3
94806.1
107298
120654
147983
180392
197443
202308
215551
239880
263159
282324
299665
315356
336217
369697
407202
433379
451632
477859
511369
539492
562920
587639
606076
614178
623049
637988
651548
660870
669008
673328
671636
668951
668014
665780
659672
647162
625575
599862
578457
558702
533412
506339
483638
459703
426997
390867
362119
342492
325297
306463
288018
270379
252092
237397
231913
233521
237145
242707
250196
256000
261634
272858
288958
306287
326790
352799
377309
390975
394644
395625
396800
397240
397544
397032
388651
367847
345028
334568
334438
332887
329523
328975
325212
314644
306445
304963
299405
283101
266022
257538
252395
242878
232529
226399
223680
226081
235340
242498
238497
230283
227616
228525
231059
238871
248597
250223
244159
240892
243357
243785
237678
229321
223358
217721
207668
195583
185582
173596
155325
137697
127214
116908
102078
90183.1
82912.6
74979.1
73280
85521.2
96727.8
98955.8
106235
121671
129419
128855
136197
154999
169278
177501
191702
206901
208592
201431
202688
212642
219893
223853
231022
240846
248270
251290
250973
249466
248265
249288
255047
263997
269532
267864
261943
253426
242347
232397
227285
219168
199372
172534
149472
133349
119253
100905
79517.8
62584.3
53461.5
46855.3
38042.9
34521.4
47741
64958.6
75069.7
85501.4
104211
124884
139100
151764
169086
186565
203061
222927
241480
254944
273702
301321
322199
328493
329664
332007
339052
358301
383389
395780
397957
407977
423877
430887
429136
425569
420401
417154
422258
431394
437622
442933
448165
449861
450205
453160
457701
464580
473660
475467
466859
460540
461211
457888
449195
444389
440338
429577
417022
407214
395907
383534
376284
371431
361876
352773
352531
355779
353806
349275
346526
341466
332596
327975
329405
